-21.831180796486095
-22.290959958127843
-47.2916950017576
-26.39592931763319
-18.648579768567572
-48.923473575743074
-73.15199935544678
37.138842416534885
5.668300204881277
-85.1547670086609
-55.593418963606275
48.75866608720099
12.068632761356412
-87.87023744267375
3.5600039810308743
-86.84836746239367
-63.0002232598796
-61.503634833518305
2.3250592396750704
64.75730671215115
7.288481848401233
20.046237739566266
18.22212949261845
30.05390244478656
29.1181105483887
41.32281439385898
73.1698452711176
-5.7647001120377155
88.99618966569079
48.19870379003578
-27.223812163898614
91.1519769364894
81.72546499848264
96.74015662851136
84.32723309211468
91.7720614336375
-2.920343823142943
50.24486090104193
74.80853420065546
7.321860172731547
35.355261451943704
-29.273120980152385
-96.31840794752473
25.3607535705016
-89.22255728722068
92.25194660800696
62.36568350897866
30.854138251377265
11.41857337720944
99.84728436438962
29.431453942423047
89.93590528544172
-25.770431431940864
7.117894945342314
-43.110238365012556
-7.540107975037969
66.93015533823387
19.991473843044332
85.44601436035171
86.39895595150207
54.62611274750802
86.52526867139926
-91.4341091241514
89.15280383387804
91.68581523613739
-87.75196041532121
-16.27903766256766
92.41732661784167
-60.883047950879686
-1.1545626573359158
62.67175603927922
76.27189262877636
-67.5578402882566
-14.20657909578587
-33.41584006344864
-97.57933548464493
-48.35442462480191
33.44022177169154
58.756284751226616
-63.20861010819983
66.24930694973776
-26.095787423078292
-9.0354226981719
77.37967572445731
-21.927124496019232
61.493717800540566
82.83295194844575
-12.203078478564649
-84.8965858246132
-60.89278956935005
53.210585690842805
-38.554649954199995
-69.28652124517534
97.81265388985781
-70.3562484456604
-63.54273209760575
-46.89709244519036
-82.38509602667246
96.35430280434244
31.62760767864711
-55.08865284910607
-42.15280164286459
44.094924613773344
55.94051672355798
-59.31995575452138
-95.08503619225861
-28.161084025114263
-84.42299465056485
91.1457928770271
86.83674046262863
62.9981147271553
-68.84337712543787
-94.55436941806784
-59.40599948619833
-96.89750036072269
93.29263168857477
1.6079532003615356
-65.40133607126306
-75.13982780755057
68.23848940973656
-17.27789593964559
-56.822778970677625
93.4482670090226
58.81567873576893
57.32855310111512
29.602507110302156
-83.51243777402621
4.523953464274854
61.066092043881326
-97.34547581431376
-3.5854143309415036
-5.711736410253621
91.30554253924072
29.61906764277549
18.044366566640775
54.48798196659939
31.996791706993264
9.770307455119621
55.76886244875689
-96.6118516100825
-75.2301529430361
-85.81554764637966
99.93937548565191
65.90346399256379
-0.2106342548726019
-41.0643654367677
-65.64019482447416
-70.72003402161302
86.9481091299516
-87.44456616686556
-7.966112213523473
-41.888001075040115
26.266919474638996
62.373451341664975
-71.08758756808533
58.15452030781819
-42.18747267411666
65.6918034414596
44.82875917002664
-51.27335101005897
-7.533701962129527
80.5808367595663
-35.14804269108515
35.98058267249772
-86.83195474674876
51.340108987954096
-94.17602250869346
94.10049510248871
-3.603767670474653
44.06724074477745
-42.584691036198016
-55.8356456881637
-87.87163292171441
74.97915723007861
-33.313118067040136
-41.31051878643939
-4.96281452626441
-95.03343257275407
-12.375284523059634
-34.32268079637963
-43.50529350042762
-70.45452772095177
-34.53118374833288
79.04254612174068
-47.7865166567226
-74.73989263879812
37.033040315276196
-98.94044387083896
-3.193460951711799
-62.95076516145737
-44.95088036629702
51.24112670016626
-25.65706781913046
-55.81549732974662
-54.39229709212676
69.41324184870052
-95.18889623995945
-58.14050852581447
1.4917338873534902
79.51781927128096
60.66708986912164
51.84477533557174
-14.399817756208137
-29.577551283002308
-53.79235815324874
2.7001278060235165
21.149520864255678
60.63283205034378
-43.23852622394748
-25.19514128275864
-19.633831235134053
-2.3601144376276295
6.063405977064889
65.98112272955078
40.620230657893416
-37.30254565716511
-80.67520044019656
-47.82381383776997
46.53597273249136
-63.52862489738751
-61.708683568864274
-79.87906931228895
26.890694153662366
-4.056740217655943
50.72581672664492
46.43746072688356
34.83847965869049
-67.51451560813315
-59.0216186360933
-86.7807567538704
36.71616086847584
-6.163831027175888
-45.01747565075254
-12.190769129231654
43.32189049829941
-53.62658757840304
34.71094338673663
36.146076365132444
55.710487890410434
-48.17119519869664
-51.488707291287696
-27.832526146941163
-97.31370107089086
-36.64794035231651
-36.164650004041874
99.97697662937901
-95.77868438612927
-38.290029631053926
-53.437171849706374
7.0815696910404995
58.817595609608674
-36.99301382877238
-73.3574701563087
-7.979997722494986
36.28591976833164
82.00981983747576
53.783833634283525
94.35271834454363
-74.84287897739287
71.34079320341579
27.157090373622438
-36.72420318736438
-87.57251767142162
-36.86298889829611
-52.3588345357574
15.631746438784916
50.83574845839769
-63.428408186188065
-75.08743465081926
-58.23109856887277
-90.13783909166683
-54.98110401994802
-88.217915855979
54.33187857901882
-49.933855485075625
68.31310892359528
91.71725811935906
14.706681772179593
0.4482184062168528
32.49875910423819
-83.09086815632097
-73.92346357846918
86.79141732838187
27.318446410302826
-51.17380097214692
-3.0877788909996866
-99.48321309105835
74.72275095049659
-29.651478527485324
-52.64811217815137
-29.09842847174322
78.29382556195844
-35.24225520003952
-86.72611802383092
80.53101723001333
-59.161345224527565
-3.606035760560573
-12.469713312095678
70.14441953238574
72.13928603297441
88.1093316161622
-62.09156678216079
72.27842958821046
1.6700957172116233
-58.523220461548405
33.86797946978379
53.328975407006055
-18.567556282716495
68.32293899868918
79.04606909883276
78.64289809853932
88.25023879814896
68.40753366921686
37.63795920371308
-81.36986905518198
95.91249472533937
-50.56089650970903
-39.13123026886276
50.57105991750652
-47.532676108700464
-37.248852530661836
-28.647572595082664
-60.82861540336708
6.257697191556417
85.00527635293446
11.625157233150233
34.83236382473186
-24.375104441536948
-26.21541593009789
78.86225441192366
-53.21093832269463
-21.173735740604954
33.61324000171254
-91.61369834425508
88.55752296283984
92.13164842964588
34.79897299647331
88.51791591715084
-69.8092728923188
4.5019145922571795
51.47568203778218
3.8470215785693966
-86.81592353181291
23.319798848749443
59.34650933359572
-81.31638320496153
-63.429478020769366
-60.426176350283626
-77.773753540587
-98.83863720588297
42.05129365104756
28.752954446172907
66.28269368776148
-5.776533777873311
15.989541791440388
-71.9913677503379
-52.95557332435876
-77.12596489192975
-58.58398369450648
-81.21853192329064
-82.52543936685221
-41.81826129773578
15.490717845629504
-55.14223325163252
94.96461784565153
32.33577420486813
40.14951470447349
73.40789750367858
-66.44032968137476
-23.0187993248298
-19.108113718558158
38.772649123827875
-28.5864933655306
40.50795537714308
-54.843078426083466
9.594196164724494
32.51652971499411
54.89302829015966
53.2464958408701
-44.87544132431323
11.729338606652533
-41.39471860948773
-13.457146013129645
-55.53863692467469
-12.830423744312341
-98.60982954097166
-56.87908592263054
-94.63620387361509
47.762939923734336
22.764929209404983
18.566286175678215
75.59047491333325
31.355178370676327
66.00996450676061
24.478984816309435
84.1028464966443
-10.980404100197248
98.36207935760592
-77.79635927383697
-69.39099096943902
-16.313690739672253
-94.82199366702983
-90.86843839437944
86.12885662019153
37.84567986527648
98.39711346816381
-81.32101848599194
52.61199546537088
53.00759125361293
73.37397595440939
59.11530884768746
7.46922905897361
-98.23598502786749
-23.90198294170112
71.04982168479722
-93.80748910162364
-42.957080184355824
-93.38486489121745
-16.294291642169043
87.1475912159791
-45.43072972854745
1.6950024690165009
61.076999683013554
74.08433640247978
-79.03555633550772
33.61563234667139
50.025302954581264
-66.18915268227524
5.550340157868547
84.43882407742166
69.1822807547459
15.946992235521336
6.9349890547411945
83.5200524906289
-73.07861463126054
53.51313415406511
-94.70580769593542
42.8078757455217
51.59842379782623
68.425062129477
78.12043399379652
64.4434729098588
-9.291451652558408
51.03051286601078
-24.252862345364207
-18.588854959899706
8.059333508513888
54.782390025582345
-59.50393600662605
61.815576134907104
46.2757762080214
36.971389103283656
-57.195074080372635
-2.7567809709618416
20.45660534802724
-20.63667269387932
-33.901672218964165
41.842059033781396
-65.44091129526026
34.42467493042588
33.8101466011349
-12.581082695926924
47.404858201317495
91.45504987348315
-44.50803633858644
64.17306258325081
97.03453967217845
56.40000874462359
-27.26586540227825
41.31804563326057
35.25626490511658
-48.94137840591615
26.86208896912885
0.39888863728695867
98.32174204536213
-27.791561019233995
-24.379423485031765
-27.519543645059102
-88.93350349351184
-35.1900827143635
-32.44214654577391
61.083668671026686
-91.42516738788453
-54.402171501834616
-66.85199108569006
-21.29018052289166
13.549323287402842
-15.9267738606748
22.499184384093795
-52.585373092141886
91.54459406791742
7.132154211340193
-20.93899330005864
-82.94449195443043
-36.61748689941526
-80.66083615969643
92.52633616315367
42.0704695237707
-49.559759485560505
-45.54670695766478
