73.84340460458841
-1.3001801042955492
-54.79162916094962
65.69386707288902
59.53546598455134
66.86187819235764
61.89818209043932
59.64175717238288
84.79535599590582
-96.88514541218778
-56.752546062279265
-18.047445941980598
59.84928019887667
-16.575756717608357
40.39308730263434
67.60952404571609
48.55451111615528
60.1006211139009
-36.829208688930805
-63.394062915568504
-65.7097119106231
45.75289291226835
67.93041435165532
26.088871744582548
-72.97786279069311
66.32930782947216
69.04801982852734
-16.876801910036818
69.77978929356098
23.297286430835484
15.899889532961424
78.55340825858377
-45.588846509292935
33.605631469770515
-33.2885991212363
-40.71755802806831
52.97323910476862
38.372960134986926
5.669998485860916
32.25498269376058
-14.246484334044581
36.21423356362837
21.476498184343498
82.0391323715726
-75.49883473089105
-46.22371188880825
91.62369629528797
66.79838823790348
68.67524397486005
-34.509177225209385
14.357130435419236
6.682221394978228
45.21421897005996
-26.335940018209314
66.39159525842814
-55.40898087110413
22.442926812368682
-65.96554928771168
-56.85109032626761
66.18162650559228
79.46428615996396
64.0163290695678
-75.62458696194012
99.14829982852814
62.44370214692552
-46.42305328540228
-3.638739881344378
77.14901952448994
-20.76811698629004
36.78809677600265
71.86609842339567
-69.20012343357237
-79.64683969579124
45.87702742171632
93.55949593895849
-19.005503740365313
49.847555536683075
-10.293700422996352
-86.80743008866978
-62.12511969900043
-90.25615042966217
-40.906537863727245
23.097079109819248
-77.46574450096897
83.03015798344887
-57.01823422053462
69.58567348972281
56.569472445399214
-37.33536441532222
-76.13396530335487
96.2990746482761
71.24027474388387
-99.54881563734534
47.93520054314595
-45.607153153208046
-37.121080797104256
43.441350469008
-50.93278772665175
-62.68990349594827
43.08672615771766
21.133090410639156
72.46342126245136
-81.88488735625015
-53.21318943529059
81.37631210547204
70.18927967610412
63.7667585384265
-43.136009765821036
-81.94468164748537
-93.51569350571411
46.66114895846803
-14.359318049663685
57.67169571213995
-0.13187034956709454
-3.6440166125321127
-97.58379836898436
34.24087474417408
98.27141633308264
77.85690609663058
97.33149410485916
-88.0834702086395
-88.18394799397286
50.39945133119468
26.424295840840387
-73.65037375081599
88.05095809037218
27.530333997396568
-20.46103111497021
-73.7953998626619
83.9736132027025
-45.450927395299345
41.69742963431423
2.2156232318607323
75.8417442353701
-98.7252525043134
-45.30381451086114
-28.541965312566205
22.959993833936096
-84.08435402672166
57.67228697570948
-44.5183279345497
-20.30258948465513
-60.023350805104855
-57.83490733655414
43.98395817825954
-63.12750637950701
76.12608994846767
-1.5206893898558604
62.77034489455656
-16.417469311227222
-22.243946067929983
38.332904929257296
-88.58727311489254
17.941777332954032
0.6207058743089959
-98.72923562448044
24.965759024956043
27.924682071616317
-2.759843260668802
-50.31192140398224
-74.26473681737178
-23.617611072288526
28.548238123089618
-27.323439299182127
12.993309148341538
15.465635354357318
3.7867705256454656
-31.94279991912626
-81.45815615757736
-55.006184334515005
13.5201051440758
-79.2549705645632
-15.388789562393825
-48.07496644059741
-30.33506185828567
-3.614641319803468
44.6740804386215
8.492001292231734
97.59631829920815
-59.12284020338188
-10.68712470064412
-47.488632817898214
-72.02026095924529
52.50723176431387
-27.085330040354364
67.24014538705697
-20.576903956062196
-83.29858637242806
14.310122810592915
-26.798964751405222
74.20986627333238
71.4229278157035
-35.736232198453365
-14.456656926004214
-44.056057589147855
34.73723242457635
31.962179631058888
75.43314071777712
-7.184285048146165
58.91701659052541
