52.31093576422791
-41.64942105516973
97.80283137112431
5.713658070748821
64.25091351298417
-81.26811350927625
-83.28780624784066
-77.40966021767683
-95.56379447343633
-55.14029994041274
-9.954531538649604
-69.76751477281083
69.03069636841883
-69.46074724218352
1.3933825999475005
-59.685930518523975
-52.55250732164425
25.399316944690824
-0.5488832964239236
-84.04352682395404
-10.808494368751354
75.75621065931179
74.72454300334007
-92.9950909764373
98.13055952223141
-65.71364823610158
-81.28940804409099
13.116361015175102
81.042757884612
-2.261934534317888
-64.77407412228325
-36.04113356436074
35.303096544162145
78.17025241737858
67.05998280052941
90.36726830421279
-1.9282190657385456
50.51423787066386
6.647880362937713
-60.490617352174006
7.655188024033421
-32.6616366124028
1.0715381541216402
25.435334939678555
-84.92823737065845
-24.163306435006263
-51.96530019953292
-19.03630248890198
67.37540557478079
44.069779416667245
-65.02596282752953
-17.173415906467085
-4.634330528879005
-8.013406603899483
85.11702960181461
88.14480397460574
-0.17252630209065956
-65.95169437064507
-36.76786754755146
-18.737391609046057
89.7425917314502
-59.757812378028596
73.52973389210794
-6.743637638376555
16.400505517112876
-28.63557857743389
-34.38540035665356
-47.074956901628994
-39.27661431644216
42.942355564679985
28.184376565183385
-65.408693537616
-11.62610385589548
-96.3990347504994
-23.226023929817742
-84.76295498371431
66.81373547665885
-94.64722874296159
-36.75972553772002
50.66310747357059
61.23420835013178
13.061550838761349
51.189268520851044
-25.120091939968987
91.00849857098302
16.745329316730604
44.95921148217673
5.013128065545615
-98.85270655252785
-44.66461681652465
-65.1019414625062
19.285166670026115
-2.7123240478066606
77.18440341536188
65.14855874473525
93.4789811939319
78.30441729785261
64.2138649341459
26.661038270201544
12.863930485527874
-49.00359156979517
-78.38826218973207
-71.98678798471185
80.70611653697446
-48.59392901103596
-35.132657616430734
-30.95785213598535
62.07815289019359
29.654918248
17.504535646222223
44.537840134093415
-61.65381310547238
-97.37142912303389
77.40505101454394
-58.08392158609554
-13.80883489128533
-86.43808548444277
62.436564278197324
58.672165829787616
-91.97238913921171
69.2254357815419
42.73671292399507
-1.7555059564186308
25.259020753919387
94.79610731754721
-96.05196379418506
85.76258227351147
-36.63818482653056
37.056650013755075
85.7973361720556
53.24911804823759
-14.326063103677384
-0.9533221741422153
-87.04024969608247
-98.95739271099569
-16.96863809584687
11.323233275119193
-43.22717780832688
-33.78289129846317
-2.6357023367962427
-60.11923195570128
-56.243402637436986
38.15990135479501
-92.86823551179025
68.96826041437905
26.821118114109737
-73.8715633116958
-71.15585744209667
50.73696085419718
-62.77673175978988
11.230869230537905
48.32160117116351
47.86303105724991
-3.9642120653492725
84.61320468790078
-35.070356456361296
-54.95709550496925
26.929013001101026
8.552752011702964
66.45441363429208
1.3642318272923433
2.9399844529161214
-69.05306010629423
-33.00525559100306
-20.747790673096446
-94.44786363426358
-0.07860027704509776
8.236165786016514
22.082238869165025
56.681521036983725
73.4515766340906
-5.764291352953975
-41.9516544605262
95.19971001710425
-80.2871912332732
-19.95312706577812
-74.13205325650517
-15.818403269215892
-62.17187996231692
-84.0956485983496
-90.41294191346303
-55.91915931378282
45.88576175718663
-94.21838828077198
86.96577856740194
37.93581552829809
6.884555669790643
32.54644015464578
26.690697680819838
-32.36912821456539
26.464434294248647
-74.01956788412213
-39.70089791997007
-10.06155038081593
7.437062722763059
70.94543411360021
86.67348640705771
67.99527884916736
-51.452932466462144
74.97900286228861
