85.57387993910851
-18.61747420227519
77.52719656374069
92.2530028624926
-60.73862660866249
45.85729593305277
-41.025747870317275
-88.48746953547888
-75.14366342518917
-61.50737453974999
50.65266515286268
98.94935231911066
36.22184481786746
-87.79562009244901
-68.31112763795213
-73.0415439901274
17.619247890702482
-44.187681600530325
-38.93234829238597
-46.959061064556074
33.010654330033475
15.100543340402254
-32.83254550208055
-83.31190008857945
-93.12368804085452
61.971707974105016
-72.12597619884707
-37.13243461858114
83.37315929958999
16.596647549573774
-41.000276158682915
52.965980547058024
-74.38763103403775
47.65978537871786
-40.17443808267209
40.765575939030754
-17.28163521531239
-64.76365007132398
11.517529418029042
70.72069733792648
88.75958249542418
19.742688851733163
-28.816991561330525
-66.14370662938265
80.65184467291834
-64.26876686852812
76.26217156055048
10.691834864279713
-93.82388664596755
57.18555663833101
82.35502930538158
91.48556073324215
-98.737954933145
15.84968882128723
-78.48071235207755
88.32589228496809
-93.27725569036276
56.427752736691616
-13.972861144101614
-58.901651296771426
89.80536271674316
61.737162508863776
86.15708386035698
8.477361258259293
-99.7910865055351
16.451705695741197
8.40214532224364
-17.12712846412647
93.4046173357356
-45.12762283237124
18.01597400669712
-65.92719168256954
20.013921518421853
-63.6252416758347
53.986792767458695
-47.2419577478056
31.135609278450687
-53.13957313072688
39.958940091785735
1.5272939433828867
19.275338076883102
-4.77456159035161
14.582559947155886
21.5313533194809
-8.335360162983747
-14.77468252692158
56.77060606538049
10.698432534058043
-47.77460103793349
10.979479929295394
-48.218389428765704
-54.3019611042797
92.31845736997684
94.39210744929719
-7.185432439292882
-72.85462290406046
26.944152386617432
-89.28834455976644
-56.06137971895615
-43.5977182480459
-69.52785308016138
-10.233537120485764
47.81982617952579
-93.43740856216112
97.07913397932415
42.9394689607181
67.77879939850976
-70.69997593444475
-52.82809836740103
88.36539607438141
-78.57521089668356
93.45639623470566
-28.26344184365672
86.98828641606829
91.98551863178744
-42.322734857123656
8.00143169814993
51.201781829140685
-87.5586982982052
-32.51790408564901
-2.8810155817043324
-51.271279742236686
19.38931505748552
86.28619478126674
-91.02574046436851
71.41431763687211
-3.059347723197334
-76.78111976648367
-17.968430205924875
8.126052223891108
60.33305401926623
-9.552255973805984
82.83383644305414
-77.91821317129501
8.750083531017765
93.41571219242718
-51.88522603838894
-78.06378486818839
32.02495825132377
-20.545703871626756
-44.69386003316431
45.91418276673534
-11.048694705029789
-37.93965023690298
-33.49491343615452
-13.853116451548388
30.883180633102086
35.41981508766136
-32.542306062084876
-38.73144057136031
41.25517282532144
-11.675126785957218
26.36868260232312
60.20021238751531
91.79832630379462
-63.93529015279089
-57.29032891963626
-94.64755764368896
31.111630627431794
-45.14023875933677
42.310032477399574
-13.862398543219285
-26.90608143552747
-45.635204316992684
-47.06693994850348
-11.10018058379356
-57.24815666291207
43.48694654333002
14.07979417396858
-69.78077861630197
-34.06937261171532
54.05619350676042
-83.75599815635091
37.539752330908016
34.006406778548524
66.53789827522519
-12.918149266752167
16.444442708868507
8.690643277613134
73.38860163889092
-17.490661542707358
98.57296778774727
87.90099619201499
68.87192250271329
94.45293971099431
-49.39186517832097
-21.90774097718699
68.88659639290512
-7.252362935072341
-1.3637931445790343
94.48910888750507
-48.41630762677518
26.52902624940488
-30.398127606077537
-92.45926548891674
23.849543583215606
-16.858992532457307
98.80597470748398
46.94333539012413
-45.357099460602576
-7.578815798121184
-81.00112980545804
-14.667538894475697
9.40743310154248
36.168525218016924
-79.69338025511419
53.96091376110351
8.689516739448706
-61.63493389929078
-25.278761492575626
16.670219325795088
40.03459167152309
16.578868628982832
-8.036132680450066
82.2303210450907
-93.57689320055506
-14.610515235573104
-28.37463740606647
46.4972063573864
87.60995679969264
-47.38509178407357
43.288628815525726
-67.06330127800379
-33.06391343072248
-25.720609049586685
5.711411345993795
-26.03291320089052
-59.136563142190646
-24.063516484085937
-68.54619670249218
88.82662708151378
34.71365064995942
90.73960068682541
91.94307448788103
-79.50062399037122
3.5813420035485137
-35.25817279702159
36.48307297262946
-2.4907766868074646
25.396056115530712
26.779409613722024
-62.53656893112745
-7.291172811162355
-24.5019112853836
-61.366874407493064
-71.41208203731415
-24.5111436542729
28.928559768959786
54.76528154753879
-39.95479166811302
70.9408984279979
5.205645834645537
55.54010335420543
-32.528289052455335
71.1742102517963
21.52627780377827
4.730367641707559
-8.39708953674274
-88.34922486772847
7.872352911088683
85.50163069225124
77.23391089633625
-83.30599700476446
-31.293427568545184
40.81774425299852
32.701970371412415
-31.676606223261672
-65.90989163809434
-89.97884502825309
51.71859050659944
42.831753263060136
-69.28650863749064
-96.5858155409043
-53.3214276753359
90.41715861775646
-85.59015059681978
12.064322825852102
-24.478384569163268
-96.55270836392631
71.7346532666732
-46.548130807828805
70.8146230677846
-39.59780147855305
36.06042865524387
-14.573008336194576
-85.93414787561137
-96.71271668827622
37.091478977881565
81.72950254306167
-89.06555228516042
-50.37714413879706
62.797213469038894
-99.14094195069521
89.53031860297267
97.6586675254373
16.495440261515768
-4.404668462435751
74.11362731893414
31.217082786669692
75.04580236087128
29.85667157382815
-83.62538157535809
-53.596252561258574
-13.150113719682864
-57.09845085260257
-20.608397307238576
47.02813636954545
-57.00237741165039
-18.05696749196248
3.549412190893463
5.162654253139294
-82.5236952825873
59.99510665709906
45.26411854794185
9.25291197682698
-58.65837697177123
21.225582302896925
16.091158870245593
-59.629934787404636
-77.16486541594602
48.49378251457156
-7.751681178774078
-89.78514149235374
-3.5960786966451934
60.125128118311125
85.35540403847739
-71.3606702136087
99.24652530466238
-99.31994242653504
-71.60413107075784
-56.6982747975761
93.77315300317628
49.10758607704031
-85.47187222868413
-68.21574496805651
37.51724821428951
-65.72463663392487
-97.9756445673531
74.03855149811454
-90.09914071339614
-42.109135073341506
-87.06495081724466
9.381465032838236
18.196362412339624
43.260954760218596
-25.869951393330325
43.44610712661165
21.142973618589437
53.13968043102517
62.98517083134621
38.89287868317109
25.808794590876886
64.76998111235267
69.09941707326894
-12.34010941213046
68.34646990708075
86.34492215572001
70.58629441123071
5.735681240459684
-31.315262767454016
-79.63513174922903
7.732997162923823
28.177250273544587
-25.915797687957394
-10.67442885124224
-12.967354607709495
50.76437891436129
45.85119434848133
59.23447438927718
87.10133919211012
11.223785359521472
-36.80097069230421
44.38831553015399
0.30356395896724564
-79.1102452782698
98.90538605462334
40.65184407978859
-18.3492959845085
-83.92565707597865
83.80277742674843
25.8946328051382
-94.59195178212944
-21.399498146486692
70.11716567674875
99.40068734773263
63.754271100688754
59.93123609153264
-44.65374718515709
61.32916883140976
93.4193531575159
-78.89282624268515
-85.79081874714656
-21.934387893664194
53.22816115930698
-43.149216477789864
89.92203165259448
-41.60579744087005
-56.44001506699916
-81.8189744601973
-3.1978952565401357
-28.329727135001818
-21.526758261168837
5.282512777043763
-73.16220750272313
52.55875985153503
-25.533694774974762
-86.94956343039031
22.74682700385526
-33.894328030565205
-37.25461906386285
89.4737443594137
-93.07718751829472
-59.04061235908977
19.026383988547863
95.31876645697886
-11.284220785550886
35.18770218660839
-60.34597508608135
51.800311498365716
-96.37646153918232
22.720445918740268
-70.25183816118556
93.50581645991025
-91.01173544879765
69.76162028163623
17.892188672583003
-30.688437862414773
20.83123347360751
31.866811051048757
55.80164136553876
71.78101885328678
99.00083462748154
-76.77393506335062
31.698377771119397
34.282767638654775
94.83187662221707
-85.27613214829701
-21.831439039308847
15.373831655484494
23.571533707181985
-61.15925895668239
-13.479661873500405
-69.71378343692353
27.343453086133223
-45.349337865490135
-29.007541568783424
-78.73193061467785
2.5780634096914383
1.1264618331897651
91.81553910087484
98.86369398876803
-75.60110430648557
-97.47664154065023
37.566362495101856
-84.28256055102486
43.91256118868071
1.2143734201230956
68.20555981773353
26.285602869916232
-83.35917099859441
50.701591274198506
49.805980430633326
5.041793566721765
-2.387114221864124
-8.888941965437454
38.949300564851455
93.8424092799923
49.469016503386456
30.352423339124215
-44.29902250214004
-42.60960244444449
-50.33802753544152
-60.85368884577274
-29.5175087238472
59.33275953793432
-11.588471650710446
40.44189997583132
93.70341812459614
83.78631806661423
79.35690773610278
67.18505260675656
78.66254543086563
-90.10646736482344
-42.29339947522415
-33.70757427281691
88.05305877875773
-44.35124742187888
45.309774218404556
-12.403836353908872
95.60499516073261
31.798729057599672
20.11273200815525
36.916205747304474
-91.52626664429462
-78.55266378245736
61.13499282848832
73.15042019399075
-23.432890695751652
60.57346546648216
-47.177656678595234
-36.76044822243312
50.80308283108258
-89.41067990859344
87.02060968307524
-81.1850905086344
29.073876363121258
-28.03271618811374
-77.83006229905598
1.2248332543603766
-96.63859543964503
-73.01513196813687
13.09452494338845
67.23474344055637
6.6197671091436945
9.90923992335631
37.43770079326737
6.469421629205769
-35.41014665210325
92.38359404359886
23.096504837676363
45.01015727691629
70.58099192305335
-62.01311129332674
14.381996271253001
-36.34849391890613
9.335725305424262
56.48062895319333
86.20056369482433
-36.15798069896221
-52.0717414303016
-75.0304963749443
80.3812638710333
48.34318792890889
47.4665529790791
43.420281434786915
33.5772150504138
-73.53672933771435
-79.58534047713866
46.87953736677321
-2.2428975019704467
83.1834435152646
-95.5358342585853
-66.26476377000631
46.01456092241739
61.59566639587709
-15.299271397221602
59.0610836912534
48.60500879587369
-74.5903298238986
-91.44996383902526
60.42400321755929
-79.43227994947763
16.415044157193478
-76.66743272612692
-96.63292170228901
76.56456141407998
-14.401060844518511
60.432990286771485
10.127263039239537
-22.291892014915902
-94.01706166220016
-56.95668535839975
10.069034278129536
90.83691721388848
-44.334255823049
67.96781343053703
-32.65878673958301
-91.0641909924229
7.5624138511398655
42.72804456893732
-75.62418160524746
93.62826901580559
12.725851804455289
86.77004193799866
23.330346429304313
95.95236134227503
47.64733452875939
57.32379486137964
-66.08331200700533
47.35128967628032
-87.85612279286829
-90.86977925370579
84.99634865033099
25.52002630888164
30.46591024083557
-13.993532060539465
53.29572708519231
-60.93345813538167
47.58532855796895
-66.54558594473255
-33.12905357280755
-10.374338884850772
87.41474457266025
1.1388234447486951
20.520926429010373
70.56434884096998
39.80750560959859
-16.165969028266034
11.019147673651858
-51.92024850791312
-60.995158372276336
9.034124634014006
13.877402482571185
-71.31053343498075
-69.32935152575595
-53.19812443134823
26.664207029624137
3.943767930510319
42.85831380847293
-8.403624165773763
-76.28848871936236
36.41687951680615
67.06600655278316
-63.79841236772605
-85.43565163897881
-38.62694695371249
43.156629424725935
40.90992302551132
59.91973632226572
-36.78029552668005
32.774001323136105
37.98106025058402
-82.02444120484674
-91.94599012859584
19.765604326457648
82.26157892968939
59.171160507549814
1.1370733436403242
85.93539872433055
66.94121470837004
75.26798874260416
50.814357993101396
-91.8899155357537
90.01851688726867
88.67066134651859
-23.622751097209544
-73.751104698351
-89.42388368140723
-26.92310991857616
0.33849902698557344
-52.469359515750334
80.14203622209246
-83.88479209865851
-43.27220352872039
-96.85515469751225
45.27945775948274
-38.30228557146984
38.40868065419835
11.528738517148213
-78.67531593029
57.750507265952194
84.2769444611825
-55.3755382338837
-61.993206957962045
-88.56149108957396
-44.915456144499814
63.07394313352026
-96.88973010048431
-69.94795334460417
-11.927269785144915
-98.73566758269119
-4.757189856066816
2.4967302510531084
55.78284560060197
-77.67010841059982
-17.515443437267166
-13.97602794658465
10.62045442996073
-82.148067656975
63.14995130520913
-13.831571328614075
15.412104891860821
-20.96740089606044
71.29416294421466
-93.15474597159465
53.090440520748814
47.43718219804171
-59.380245557772525
-49.54154533701873
-62.766410288264126
-57.03257328969607
0.20948329827189127
-30.838874480576635
-40.000091016362795
-11.20075797170368
-71.22084861859652
-6.077910818853965
70.48315330790268
83.80368135864822
-24.630017475271913
51.7268763294411
50.88371472329359
70.04628390368964
41.44853831582472
-75.54763369937321
-55.46242540372581
2.3215227770061517
38.91243160457128
-35.22014464613643
-64.17205040252689
45.84159719594766
82.37086786002408
-30.092207201198562
42.49447385777853
-45.2114232866349
-38.21035042089633
-84.99032217048132
39.17627257117357
4.148228211438081
-69.6378272785692
-98.5201835877233
-13.557555686482175
-5.260570462028127
69.77537186072573
26.36283941460053
5.406259909879267
80.44988987510897
-38.96368291910939
-63.6634712944355
-63.09558577683452
10.336775505527925
-59.03271780999111
42.184475761040034
-21.565184737765946
84.59932339129438
1.8565855605344979
18.648255819977464
-99.68602139431206
64.80695093970073
-90.69563581990923
31.07138433005443
17.750406602138227
97.84504957088612
80.27980246692897
60.54268076347347
-31.14696531509928
67.2846715999749
23.544761662575013
62.0880094049262
-80.0172112480439
41.06143173625435
51.04027204188276
49.65045141016506
-56.59728276644509
-78.2889546107696
60.61429036418937
-3.0238458035053384
48.30817249263998
-29.984770899701147
52.781263394288516
-49.49335740995326
69.20470768202708
-59.369060240488494
-14.992257604059049
-76.26750355574731
-12.61215333644607
70.39157202474826
-82.78494449150776
34.891691995856945
-89.68769933399739
2.224885896457863
9.54060400386632
-61.15854851625484
37.02278485183902
-82.39451916987836
41.50412423695792
24.143435614505847
25.329085879149147
-26.198582986101044
-85.4371742698411
25.60836767981003
46.574472206725574
-53.79196610602239
-81.21386039096599
59.69056439775062
28.60347929130154
-8.078291385473307
-35.750218467992994
-10.552916782067271
55.662247072964874
53.8455958463538
-17.844709333343502
-65.25568212539511
-91.99187780459566
-91.8800717493312
-73.52607456661417
81.66221946476571
-58.28963126112392
-42.57936871525359
-60.93168312254691
-59.10344135924597
-32.29855486356428
-43.38362413366339
27.900483427978045
56.520750359508355
-93.15613211667997
60.42522372576934
-17.26018262652822
-44.147601018101
-31.127724225136518
85.93188589784427
26.899770221008495
-86.70356224423274
56.48694860834709
-10.07033774792032
-54.24495887186767
-1.7895157051913202
-96.47429778438527
-72.5714069677675
-82.21307374773335
16.62015997933395
19.39431470013713
-89.41496098660076
-14.87044375003235
-94.0425375129548
-58.28018614480215
1.207714394850484
-23.456182229097536
92.15231703190793
42.09718809268233
-25.33812593437368
-47.31930940323783
60.341259367793214
98.23344970510414
71.09731962009758
62.34016569368271
-10.766699799021879
76.74732776767155
-54.23660332415945
73.9147757458062
80.63202632007466
-94.34219470663724
-68.73434710790104
-92.8712096903483
95.63721593947076
-40.90259413181316
-20.48131194518386
77.82099131870169
-88.69149011189384
51.606478991009425
-67.3237512301627
-74.42129880887789
13.394433806400528
88.14288136526
-35.05297567823267
57.055271674245944
64.76289986225069
-79.7854571072987
-31.470031813772152
-10.996158181432847
29.79689308095209
13.71217878307121
29.241459016028955
-6.2601384037390915
1.8980666098199492
-71.7177259180513
-80.05818907538958
82.36350346415026
71.44918102960014
73.06927875792294
51.09020644669755
49.40530265273728
-64.02231999690792
36.877013415195364
-76.28469971568316
22.04835496090783
50.29269615586392
-13.947927313592444
69.97233836437238
-79.9317940015486
-3.8679884724710973
72.1586528063743
-71.72954293706566
-25.206298563978507
55.312871637208275
69.17085629315898
-35.49577065411191
-0.05545267204676918
-83.74599260254148
-77.55488000461841
21.80773584407605
46.585049529397
-82.298650989913
-19.823646836036318
82.00076634319205
44.94096421062511
-43.888697339699625
68.56609819581794
23.036687907306757
-2.425871000540951
-44.53752096494412
-66.60572240314696
-66.4275490176467
-94.67139109123382
89.54112014226857
-87.34957252289581
-63.49675745133547
-57.79104990716846
48.05025062969827
95.10045059671737
-6.165485873698714
-70.11957230105514
38.65567365032595
-31.810445972783924
30.143020462841974
3.403221241778141
-77.06254025320334
67.67732961425378
55.211639029991034
78.28069779653512
-69.98429813443971
-75.56157159362053
-0.35173365609931295
56.84768075687796
-5.859824530564268
-19.06085190207108
-43.10302974843301
-62.53559229350925
41.53298002693094
-10.53975507559916
7.7861906939047
-20.07493685214105
0.7314843588116702
-3.7183157534971656
-47.14655579358036
64.4084344917571
57.663982967080415
62.730203769128934
-65.53066986213993
50.19413766973079
-68.97682794407025
76.9423631797543
61.70834134885513
-46.29983905240837
-80.31887873829322
-78.85142989160812
97.80856418870391
34.6630129239777
14.791095700428627
50.76306326892285
7.840204217889919
-5.702573899869009
-53.83962467754662
97.06676898565254
-95.38929099993787
1.441796470413209
-36.7412080029841
83.19422722590852
43.59987824804347
-97.24395789468245
-46.70397942030278
-18.219449102294533
79.67660727310789
-68.5689080215117
63.86016191738733
-72.53880591219655
47.49689656009764
-11.456170681062588
-69.22035076530919
-73.14632214460752
-34.75299006397921
-17.23261272680942
70.4489409641123
55.033546419983224
-67.823348311327
-68.91367833633967
-29.12362055064463
-19.286976895447424
-68.74722750720119
53.41866912068781
66.73163115383628
-54.28789112419858
-40.849727092304676
-47.02465570771452
76.93963327083074
-64.00913581848047
-88.30873533080623
89.23711582952424
54.043015045556956
-52.42441477104076
66.46683554059351
38.17470078808438
78.33312200396855
3.2627152626286744
15.83351082585314
-81.19286636129554
-77.2918320107253
-77.17291326546737
-47.69589579851221
-89.90931694029351
-55.28063900386017
78.23694133461069
-49.92380495954472
-13.046009885668823
50.61821734637465
-7.236712626345948
-85.81012869543463
-4.225399062730915
-75.17866680084717
87.19602440955566
94.0062504809452
-18.74370772710712
45.46898052702727
-84.52014627944861
11.755925920709672
54.01188704899076
56.58416860169615
-61.23254022129707
79.96196427229154
51.6065288028403
-60.26407427276861
-56.35835166155629
15.214369699340608
44.18041888568135
65.26186759397189
-17.141192012089675
74.9000004273949
99.65050032130662
22.952738650287728
19.585718688952852
71.24795603476653
21.267731520479344
89.47723250709373
-16.454653217536517
-30.588632169405244
-22.585931397485
52.25793211755402
27.76154509185804
-98.12568348747325
29.31237311393457
-64.13450907399647
-14.71214826248901
51.47925690285072
13.863682504060094
-24.313915479771467
-47.13544841918662
-1.8789929580401008
75.6424691557749
71.91914644428982
-10.800089934787493
89.44937228525319
60.44364323454798
83.478670316098
45.563408514101354
59.146727954014864
-42.12127574893414
34.25796346631975
35.92030859526977
-36.715597844101055
69.67964147906059
-3.838582403745619
83.56443041755861
97.9695612200573
62.95554720874267
21.751072747532646
-43.2072499643988
95.91299951275718
-53.84674068103523
-75.50631021866931
9.977538373583343
98.568823394313
59.413954384803304
98.07458026354573
-69.35528767168213
51.786998726764295
99.41986163204598
-77.59345363283028
99.11671525464527
25.739189843597998
37.61523063754939
5.36041430178129
97.54619853498025
17.39517838856446
81.77311887196885
69.71994544443868
53.512456453505706
-47.59466319230485
-88.41869808830923
32.85119728193325
37.26246408058728
89.41190494119505
-54.45220877422494
-36.26638955998913
47.18655730225885
-19.785542651736137
31.51669674138742
93.9275060871432
-47.578236219805525
19.45804625533627
87.10792946304679
-83.98690081245516
-94.26986515052289
-38.123463652765736
77.9864529205964
86.28231355963916
17.28400781056895
14.6398539486934
82.35624771663262
-23.077443780409794
-81.13340015262243
37.025980732017274
-13.432977257811032
91.93656120155461
25.651839833428312
-84.84764918220075
-20.483609007543976
-21.94806061565464
92.84996804163566
14.395053253754668
91.72785960623008
-51.84483795423576
33.92695593016552
16.729591051325343
52.5743966833347
-35.72257005457777
9.29347062298045
-52.80698165355477
-24.144448786221773
41.33070876811891
-39.49601620997778
61.397081317696546
52.708293644482325
71.5044401831029
21.66695082381021
-59.72441544539861
22.27597256724269
95.52280324962106
31.31891926305056
59.331236391929224
-71.02655713676305
-6.790392783381208
-88.57351656978156
-57.33845945683669
24.34706638859872
-54.596626892801496
-29.602700610462136
64.84079160438051
63.69063323181291
69.4287009890871
3.4062791210848644
18.132674781834353
39.22691988708641
39.32294192372922
-94.63337833454544
-80.87492948481763
12.567808401399887
39.47478472516963
98.00558719433246
69.00324635432185
79.82206349593017
-72.3743932629705
5.478818631127226
-99.77891080093515
66.17835175301263
-18.77186779089108
22.87679747141533
81.07741274997562
-51.40218337479667
52.76981348432443
31.052493931794288
67.34405415178219
87.40528154402128
-91.26060080093332
-97.00337223875877
-37.63822989570067
-5.5532321516977134
86.5075115530235
68.96495458600006
-61.93288425763244
-54.3310832438084
71.1277107912546
-21.204083825405377
-67.17762879184156
73.76083323847448
-37.83628009838787
91.83493867748183
47.55788568878694
-41.47250355245416
-51.36950969276288
-64.459676539512
-94.50016247876836
10.760767070106269
13.334767989204792
-51.260738067153454
-11.670340551079875
87.1690590392675
-12.802399575864172
-85.82900324657363
20.660905991792134
37.346442581167935
-1.4393894803193348
-36.84618273564195
0.36381760862825274
-71.66118314937233
69.13972428929466
69.05019264679757
-52.60502753564496
-69.78722057085835
6.612158495396841
41.9704707289537
36.695756653560295
-77.1681878776733
4.752682518699174
-76.09178448960404
30.32719292388964
63.059821034121654
-43.396674682210666
-97.02410783405955
-88.97076370699453
88.03120782378414
13.468000422407016
36.948855396909835
-19.371048075088737
35.603208747397474
0.15315496047902855
-30.606594368021618
7.232462181595523
24.954423826401566
35.41654339343131
-47.54980364375214
-46.66760889967778
-54.81696115093149
-61.97180292951163
35.788750265085326
81.40364908601231
38.238704406627534
52.419366678022016
26.251029985401743
62.9225294069588
72.86700211631307
-43.253495471690485
-7.516039018403092
70.11748994458785
-41.758663115096994
0.20048509458945318
19.76071649969178
-74.65138705176784
15.684732379564565
-91.19704637939834
-86.98961317652909
-95.75371507403914
20.955974463915823
-44.85989748924683
-86.55521444418142
12.838307301150607
-61.03944710280367
-17.096155176928974
-11.127956390828416
46.898655067400966
14.887210344343572
31.165035249249172
-58.72970035942559
65.23202291318518
-93.03073455456845
39.062546725795016
-71.85711687476413
54.059675879182464
-91.80109623569894
-6.720441738888766
10.774737945844763
13.535062358632175
28.835382503858398
-58.87441036380952
44.77414274244356
-17.681552306127784
8.614420980059649
94.29254980754854
-78.87765004294837
-78.09721615425833
-36.09938624485625
75.24812267418639
-91.52467329090325
96.9525883914799
35.15094329865741
-95.0225629728946
52.497410423753394
40.015600455768094
92.19219363273467
39.45591825868917
-30.43890364269066
-47.10708845475355
23.74867826328648
35.69062035439609
-58.514695763777105
-79.47070440233952
-27.857919901930146
-77.69020652519868
36.33428667524325
-38.03318758124383
70.97276638283239
-19.174322576503485
23.311437764603383
80.63238436073539
21.65976042625934
-33.253765991822576
-46.54900478380131
-13.60460432346595
-48.56669968572642
-22.026322467676437
-85.9832782425066
-61.796236188087406
5.402498651225329
-38.38738567309748
36.192306940017744
29.237214325046068
-21.71120454126627
-91.0454741798537
58.6677984865095
2.63879922257415
-34.079268886658724
53.476705168728955
-39.729777655154194
-78.5015680109482
-99.20129190350163
-6.683583568104368
-41.975283122089735
81.98230682452316
-97.95817269145326
-98.80407924822666
55.566868142117556
82.61157306200292
88.49932474204621
9.638346724562254
-2.166515179709876
38.4029441018821
-67.27682372661843
27.841099989701902
-63.05898045110643
39.43699790721766
61.91182311264518
-27.46967472727826
68.81707665837632
90.40631733203884
-7.805902956028504
-45.290540595944215
-34.311636845273455
95.78342903994596
-97.70706964024616
22.600934743152038
-27.028124518697922
26.77008634345927
-81.68713370011307
-77.8524636307484
-89.01693103544959
76.31729608398928
-39.55070929264966
-84.87142477800269
-98.56227724678727
54.6414290279169
-69.73311740639451
-97.42024183317216
-61.7784231107698
14.229031661109602
99.60476923253256
-77.17551223775796
34.21109115962139
3.7597439773205252
11.295201633767405
76.91461782672903
79.9326695766346
22.20405920121597
39.66929709381887
-30.989925179124867
-68.69385401434762
50.712900635174606
93.97713278720806
2.579993567386367
-24.557199111831935
-64.1265520414153
-92.69963678490328
-23.331749394249783
-97.82470024765264
-43.035633324345234
-34.44624362568629
-87.48499805306808
-86.16811569038283
-37.781742635975334
-46.59364689537324
-5.333844860345465
30.001457733518066
15.714266749257447
-44.42877886335408
-60.37011188685491
19.213552124498136
-43.50125395374902
-52.62062011243982
6.8357461287567105
70.12784559849297
-60.142353562097604
-84.98177458843183
-87.45189144133477
18.39927006141815
91.16762386670683
29.744808348277218
-54.31088682021456
26.39914984156168
16.326386640948215
74.53044215428463
30.773371215436526
-71.83820432021521
95.92663036225048
95.70974448814539
-80.20143259193682
-27.356849921223755
-38.59271356744269
-44.57431024034542
89.36750571621383
-77.75311140352315
62.19690047403532
-66.81080131935413
38.61662651627341
-70.45924970917491
30.42980198354971
-91.75920183046478
-94.62178833207994
4.050135040761106
70.00115471503105
17.946802838900112
-67.17291729102821
79.74134686224531
91.89347707196416
-52.353824025730724
-48.732983907827965
73.10064531211759
53.58200882532631
-55.80550112237965
-14.645712392457426
8.530114252340297
97.2808617806935
-19.31730824696018
-41.640048126048534
99.49240843040496
-67.67104787894951
82.90241504837837
91.80624602103904
-39.37711965455477
42.73329038508672
-1.8440039177678926
31.5918726503391
-47.56610566725767
90.01623319628726
70.67006108829023
94.7431189123302
-81.3794363888761
-19.810634699502927
-75.10878773693005
41.56663016916059
88.3156811900827
-73.70565274783647
41.65344703114579
92.00640409568192
10.948867788694955
51.44080233948716
30.516517450864484
0.831737498675551
-63.44450450818462
89.53160417361562
-27.56826842432649
71.36876613193931
64.66135646849861
-15.75531842005391
-90.16355582089888
-16.39986681710093
66.43764301488096
-84.73250338555943
77.23428596939249
-90.68061752366687
-76.57591345104836
-92.30948432753662
-33.92741110583583
-91.47491679226667
-75.10599576095096
-84.35701449369526
72.79190467556049
-39.77702402927987
40.0434679098899
54.19424481783523
70.21120540697547
-66.25188234695119
-11.068907620277812
-24.09937656695263
24.21599182943079
80.57381106756796
-17.57289258079635
12.866095802591488
-18.446076063189892
57.29375363006329
69.36455709653052
-79.63021229672205
11.771522905115035
-96.37822625939718
-39.206740705612674
-44.258810604620095
97.60475375741768
35.98054485865339
9.743745935747185
17.68897706468657
-52.88594546928849
0.015256848590539107
63.22662002008272
-2.7112563119354434
-72.26839702515669
-69.24868247399489
-70.84541750130391
0.09195766863898314
10.052250284883726
-83.66897997867804
-87.99305866596308
8.947747249170561
95.50906157235849
78.8716341752023
-47.487947538796064
-28.662782386749328
29.968041665038157
53.65591685523242
-30.04757021743238
19.237683311612443
92.90844765640378
-89.76809751325523
29.43805320592236
75.95724992777767
-36.348751478781914
22.073493637632694
-48.864298756901256
62.541385698771734
-69.25648104330769
-91.49505680589351
-62.580781548801156
37.51411242855903
8.25275212041825
-78.84246949859615
-66.33760964895944
72.15808386151068
25.267495356656994
91.81796096608775
-53.3706828408115
-0.3041684338735564
-29.040563455466724
51.76836056749221
-54.36884071025081
-59.5048212255596
39.95043808876653
21.864984447641334
-24.159148160375167
21.65868375513223
-73.03387928938866
-42.66983735327625
-25.334774733331457
-40.432555635347576
-15.078740288659873
92.42383846243575
57.812716374297224
98.86550308910799
86.33603961687479
-26.38914410317315
20.742984362175548
99.0814754188194
-70.18296726688811
-81.8230199620326
99.96408054060038
69.04304485121929
-14.169210633269813
-73.96966111976482
67.68679288043685
3.5711625329746255
-24.764749042440016
-17.805478756969023
54.05164010487704
-4.686413428308072
94.88388558491269
-90.86074910109141
11.169532897423792
-18.518707832587182
-87.23665211648127
-31.190624698561848
-7.373718883296348
-23.814928264894263
-72.35048076004628
57.16260929305204
4.126520011665363
-95.93726910198583
41.45787177954753
18.809853268170713
33.1877441412318
-89.22945524488702
76.73737411210553
-50.37192033503408
39.47424863653157
-95.04330153912304
97.15695914497263
92.46547092783902
-67.7479980019772
-80.35936614465402
67.70428707209305
-46.672889219507496
-40.405902545168736
-4.114475490607546
67.33452793975948
-95.84954695187324
-27.929057460872173
-30.04685609301201
39.479686294989136
-43.27751636424233
-95.2223690787503
60.81478822968654
37.28577315223512
-59.64884019214782
-18.77615459297948
-78.83011664899686
17.55629895155198
33.942729298187544
-15.638472199955999
25.773033727734074
-67.28002116922924
0.04145480695494541
60.80726413458129
15.453648200059462
-66.9130143198125
-31.120814902477818
-53.874909061683795
21.37545943653096
-54.98518234647758
-54.93981830387631
-31.68638362016327
-20.07865913301295
-61.63945661852479
-7.777025929000246
-67.73811947853343
-98.8435501899039
-85.43256013125837
-27.792455624362972
57.73360630424912
87.40468215758938
-35.17946911875708
25.68016081554765
-87.00153480026643
-83.52447985765485
-94.98040170339696
-78.28384173093106
-2.333013030193243
-75.42799425695341
82.02120544678272
48.70180236826721
9.751907116325981
84.6025112694532
-45.85650601516178
89.87327862655306
-67.058676020457
-77.22337796703486
74.80605230633935
32.6658427617254
-83.42364307241411
38.45228311389789
99.95145965175664
-27.9470953463036
-63.269045205460685
-46.93259672669727
93.3285259763257
-47.146830171959486
-29.98391735032935
-81.24317739215856
47.709745055747675
-83.80141104386882
-14.949584649105034
91.65314771791702
-78.79266582479389
-67.40110612417249
-40.71746725740981
93.80805717248958
-41.320918660653795
-12.283720622026607
18.194721472405263
27.287638583952884
99.70052317765928
-2.884216781476084
85.1818160171052
-92.94996708624804
51.271604997959884
-58.046117370177754
-98.39301835232493
-85.55322917134838
-93.32221269982138
-10.269005628577403
33.868321142539
32.71220648327892
-54.47576949119017
47.207111709046416
-83.17729082947407
89.91314298811741
72.47210599090056
83.05502171079303
-80.35726808453099
49.87895882627359
55.62376331842617
2.7015702378645017
-89.68935259152593
-70.48735028436626
-45.22298031893228
-21.48148339902238
58.7403070713666
56.387456261348376
24.816999689307636
-40.59797178143747
-29.03314135420021
-62.85334046237767
-53.23162556382073
-57.6059543774107
-73.77782493714476
75.76858080666611
-0.9595333884397945
-29.845160543719288
-95.90515883524692
-56.09532988354693
89.78681667377114
-31.550837345831525
72.42072052118368
93.22788506705407
-18.244530497090935
-76.00394045326604
21.217028905733187
22.937487188294085
22.552281777431787
75.3091691677802
-19.36870816070295
26.663171298343656
-86.82967617548232
40.18686486856967
-35.57410651902795
98.31326550816871
-71.36118436435066
5.287132092212545
30.565744622243358
76.02890132667514
-48.37633166147497
58.71147830214039
-0.3984927638819329
25.151088196535355
-64.73884860780248
19.06139209429125
72.05258684531296
-36.69507108575538
83.72004681002781
-75.63738523547832
37.69892594383313
-78.34899885404671
-77.87951968791958
16.221438711478385
-64.65384039990943
82.55021325427197
61.71392920160821
-84.94631460859144
67.5986857424154
37.279502515248964
-99.95328441028339
10.562845406982674
68.848006664492
65.2528181984998
27.228186493831345
-90.44021048284499
-78.04886414566572
-80.92550440028529
25.70632389460002
-11.731160206876567
-98.71620528493925
20.634218902989858
-46.88789970064231
53.3795842180032
-28.486461374654155
-33.37990341630457
-69.76215233933658
64.10512301270884
87.91696865449273
-51.84143798432661
-26.283637647059905
91.52588033508891
-49.966322064609294
67.7233100832126
45.41481527932797
-68.89041393957329
-78.0697532999153
-58.165593059251975
58.88245836829563
46.64326652625189
27.196820587242158
-18.530130670481682
91.51369508189237
-68.09702187945506
-72.19661494127006
98.56230676941266
23.68270467593443
86.18419814070248
-98.82227895130413
-19.63822128324057
-98.61130925223654
-38.25162854864086
-2.1939701531185136
75.81459642465018
-16.643427953110333
5.767381994652453
83.46594352383255
64.24232299486064
-2.8077806539493935
84.98615033489892
24.702267422498835
-0.5092119211762594
-83.99504045175775
-40.489472844552374
73.80008434670358
20.26612966001879
12.341900632775136
-94.33395581191317
64.24085747409686
-62.61964070504496
-85.05335353366638
94.00457170873466
-97.11842468862987
-39.507884154325225
50.677352526289894
-58.15420756398311
84.86096003400868
32.95390966956185
79.98271976652816
-93.09159844573858
-5.727030914317879
69.45114980459991
27.610502023180388
-61.44903928409447
17.513943459787825
-70.67914877141291
-89.00409521331815
86.93123785412956
24.4013087613786
-59.18524140145731
6.706868054606645
-36.00559030092643
13.846730734483927
-45.07073504407022
-12.607609557073246
50.518037891275014
-89.11637047445511
0.8653051701543291
80.15065076772419
-63.867927652832115
-24.688607981771355
-32.859725470955
-50.8872054356988
-54.115825950691864
43.31164666743874
49.153976771969496
93.981289813199
-52.37523660348737
-56.193281585815846
37.21410293540478
97.15983319915895
6.905991819504905
-3.959986968780754
27.468615925680666
45.226023621568345
-43.545353450682555
-33.09784530544964
27.887367318854302
-56.2495173286067
-25.688104396443023
-84.79567146851419
-11.867087861403448
16.070935704227267
-38.268406473282226
-42.97364324072106
-61.626608453188034
64.11864228952857
64.70834473583574
77.36269491182443
36.889896343428944
-89.5351830317808
-63.67952414694968
-98.16829120481019
15.884579965522533
63.810415412024696
51.957532463926356
-32.26404507652205
6.624382842192915
75.754069174101
30.74466922401055
-30.497272104274515
67.19465124444818
-44.351407413611476
-49.63540949844565
13.479682772036284
52.4581095710881
15.446948754139697
7.380502347435751
15.873481383824185
73.75853664220361
-95.93625729572783
-27.016549262936465
27.785698761883708
-19.47739970053297
-98.68823459837614
-62.08758938118433
-27.21669712904344
18.745160793400473
-47.35928336573127
92.72929246607092
-27.23580338737017
49.976688842533065
48.59548503562996
16.84595257029207
40.99913473159296
-11.66278261539108
20.804580638554214
-0.27911684487800414
70.96325824214733
84.08458068009784
10.503978991678338
-2.8623563770287888
42.97049726051242
21.309578037936873
26.4632582490117
46.09463201648268
-20.64082238027345
-20.528920318777082
90.95783004909316
-96.57214763213535
-5.82498533571993
76.6277984415575
72.94406748231427
54.65706070710718
-64.0857184478825
-73.88285507819556
43.333119785670476
48.696412832931344
7.429229320576354
74.19762281055603
32.47474293130199
-11.56249949047104
-98.75401757451677
38.169916371202135
-48.33234264515083
-47.88246043322613
-11.847649808262332
-54.53421582472333
-80.74238128903211
3.067170030215351
61.81606103437679
56.32938603323768
59.5420682898158
86.87125839414838
-46.29781673477926
39.132140333839374
89.99844385928813
73.31008958883433
-32.159574839989986
-26.7542682532073
17.360079884523927
-45.3157915918172
29.958395992623764
-37.05035171799469
88.41367351103045
21.50084505457717
-98.70979867071273
-45.723504317263334
14.80692520825248
29.91114946075419
-41.62828554594584
72.59711980347896
-48.460622480495495
-28.441101256285407
70.91160133028541
53.20945049024982
12.146759549686152
-72.92990108444698
-99.75610002538629
-58.73488151786634
-15.372136713530821
72.57008464581472
36.36610827818333
75.87277077008446
-34.32837833231508
64.33229877705583
85.93625575212349
-13.50517746665632
-38.00395416937115
34.64447114504944
89.46137216107596
-84.92295855047215
56.164486759732455
-93.70816339180028
29.27040369015276
27.824838321630978
92.95206535546288
19.281346110111457
86.88041203280449
-23.0864818430711
-57.89034833643889
-42.04441828223515
-8.77137114821791
59.18993911853653
-30.009538929743144
-83.37616302214496
61.5435041063071
-15.1621921517348
-27.03390474400919
-76.45040128221463
-74.10899712328703
49.61975963983437
-55.712888440816855
71.85149220122602
55.292834261104645
78.37709046369284
-98.39765058086998
-65.14612184653386
-46.340553892326206
-78.17347783695598
75.72305003187029
70.06446084749228
-98.42472019134844
60.377397035207025
82.93246327991938
-3.4799008533220643
-35.451982218016866
62.49311235565045
-92.87769962708158
-18.418011268153123
52.59137672957905
-80.34644571006551
-45.98692002083193
-6.522263075250834
-59.70787888760609
48.27102505239063
-30.99559066179205
-84.664172619566
-92.40244063502014
-46.54677904398375
-89.96178549620441
-35.1026837673801
-78.5806633065834
-65.97592130741292
57.78835969914269
-54.283027384409245
-54.59977883530851
-35.23929855237718
-24.33486250909995
79.33466019837928
-53.91325711981694
-51.97529175091322
72.85688732667649
-78.51639263389086
76.31950576076665
49.720311807858565
-60.17439370698035
68.72765025740398
-35.903066067701644
80.60143159824
-46.31762699113469
-87.98451791450621
94.75127293574485
18.12235400563364
85.23678962735352
4.69104625258494
19.78517196434038
21.601467018601966
91.75285242260378
47.40049287239199
35.07297022184699
53.9264348814248
-21.5165946269573
95.94270155357151
-17.481418909699016
96.99589751102147
77.69182897734507
80.33791231863447
-36.68568175863554
-14.224715901142162
-82.1528569822315
-26.427314055340872
-99.91766469232486
-32.196635059326155
-3.5604538231941234
43.2496595786599
18.265347692228247
39.3725391889096
-5.892616546613709
2.600888473387755
62.64940156803638
41.67447314780691
41.12137511910311
4.024786761261339
86.82742926867354
70.30136370097887
44.911455888081974
-5.341841605971183
-98.13778656939895
93.60934399874162
-3.9034396616549145
-10.228854663361005
-97.2150466648879
-89.71602282369633
-43.31898920650459
-57.25158627888756
-68.36405933575179
-19.161349890519702
-84.18622423768389
-27.66949334264794
-13.036645237459425
-27.35421909326088
-14.699520810328124
49.485497291116786
-32.31060063926468
-83.65930915671859
71.724632946448
-45.75992855881126
-92.97403382663589
7.142840579057804
-65.90264116422391
70.01799762866167
71.96324801292383
-51.36022858999964
14.550731311967539
57.91950309922592
70.43968785553812
73.11464869396062
59.02844149765488
-25.277747771026043
-52.55498547996245
48.95169447891706
86.26451941876925
40.14840246236878
-34.47934358791365
72.43061000918291
-88.26606882892779
97.78117153425717
96.28137340311292
32.052016814558954
56.326135239845
-11.03532218705898
-13.07864130008305
-57.121538867399146
-67.44268517073078
-10.23827381279763
57.066188687827776
-21.231701002618635
-54.90052442007762
32.72401422945899
-14.792994597756802
-2.325977631074693
-65.39946274928317
-46.87673289053122
55.617598381437745
-53.800998372916474
-22.623838001848213
-28.258728268975062
19.806960040157648
38.310405445888705
-44.354887099507614
-66.78258167845718
-63.88735957137457
-12.700972837044077
-75.07301820563768
60.15294973544445
-5.759435843574039
62.80114402093727
81.34878357975376
-50.110545871302904
92.58598911582538
-15.99794356834154
95.71364789914648
-27.86337675935158
73.32079594058763
85.32831889247942
-78.64294577746047
30.7675923798013
52.781798764879795
97.95019814689653
96.2065402392038
53.49461876812734
-80.09574360071986
-57.18385309672909
70.67761270838062
12.251570795593025
-39.97427083602352
-74.19297242431176
-57.16566778939498
64.36847288429016
33.815466452882816
-28.297073161543622
79.98907075443222
-33.975556136944036
-16.782312906930528
-95.28797527918631
-83.41802172756685
96.0760714474535
24.083316422960223
-87.73565891783366
-66.41766480605445
64.62116074967679
-76.99670714638117
-91.30354239814342
-79.22970072691646
-94.5706924032327
9.444389406980022
19.870515799264282
95.43997269222899
11.648971480047777
20.716707980351615
74.22957607788635
34.02255011805519
93.23867228528832
-40.3784932292841
54.09920553409799
20.525552207643912
83.42977801580949
-99.1954524172707
-5.629444468756034
-71.63703331460731
72.2604321513088
-35.19550430252917
-3.3891354386362593
-91.55535015972735
-74.56667668415153
-79.43966391641186
-69.40997821121067
-99.04726160980451
42.58784911438869
-2.0030389852878443
47.95425523655774
82.01905449566618
-9.61433696882085
29.522550065797873
-52.27359666534224
79.90673427916434
44.27139369386771
66.4835546087836
-33.07207656533208
79.37492353181523
19.677655756137142
-71.6509924958727
82.26736962187812
90.04715530252398
-85.93402406371031
94.43070534455686
-50.37638730742924
-2.599054768336842
84.2889647283562
-83.3137072096121
-3.167162267555895
-20.40484295555099
-45.45287973744683
-58.81361909723981
-88.27770260291261
-3.440177267894228
47.43993959996541
-55.449168400986615
-84.62288504064031
-61.71040834652906
-46.13132599963061
-89.10085755380229
24.463395744275743
84.2266820999852
-23.030654067663804
-87.61764663890156
-85.5241823076469
-70.42860417998449
89.87850267982805
28.799015152585127
17.92817930461041
-5.472628481899335
27.189383104632526
41.85873004071897
-14.313942179889864
-87.56194130605633
-86.6381391872491
60.43638406559103
-58.13823077522642
9.57391951755686
95.63923157850184
46.28103287771944
-33.86370184783935
87.23514087326731
-34.67034805943649
77.549550124262
70.98895126037746
-76.71797358913474
-26.06329592729442
66.3651522698483
-13.456316106657539
88.67282908515111
66.39535021405567
31.194897773154167
3.3709483469967836
-11.007665082529442
-62.987056645019464
30.852124439070337
85.10727663189311
59.63260416037403
-74.96211915609248
51.31421431028144
-6.1629632427382575
12.19188070857031
-9.77924463919264
67.45039453087816
-96.7024613846241
-26.610423389348043
-40.22954825225293
7.421113205828519
48.11608651963837
-43.17333729808339
-79.78083037759814
-41.8779862679181
-2.6211994905258678
26.76583896648721
-96.50031367563602
-76.70626898316107
92.61421721438643
78.4134881166768
53.56889976523652
-86.73490562192848
-10.50490776948034
0.3524446906503158
28.739070761806857
-51.881749397500634
-98.46374843901545
-31.252207903880546
45.32608652778191
-42.63372124041847
-52.408175257927006
-88.5493442211059
83.2651782992807
19.820485576185277
-11.575027135473846
36.25900006642442
-20.41099659578674
53.67663153575185
-91.01901915413288
-62.53880104779319
-83.1770399356956
71.00233697698047
31.831945515913333
5.697143530602517
-93.01071681467141
-12.727756614803965
89.59220633376205
25.52864302123608
-55.280828075991685
74.75022404102668
95.06005083359724
-68.57690022904217
-62.39545170135954
24.426325829480035
59.975766073518855
2.8428810277675467
-60.91971563769265
38.416096972128656
24.776385699206998
-1.2858290243596286
38.78046372903435
12.127288703254834
29.348146682523662
58.90143108353351
85.54740107619472
-35.15162506243168
-86.92666205825701
-33.14288455441408
-79.56274708780666
-89.96880890559125
90.24887337636699
-35.52302014071287
-29.715552587788792
63.36902723193214
-28.6518078183652
35.75161920970373
-22.407889615780505
11.986965516923291
98.86410626653273
73.96919114638689
-76.93446837427797
73.6884319656856
16.928549999930425
-74.01822174675911
-71.77376969012832
-14.591355992169298
29.141717582944466
-21.01733633738543
-22.633960454560636
-35.120557234804465
1.6895312070030997
43.51896494566037
10.942796565556407
-12.363388119757971
72.39431583240122
61.87023241193205
-67.51707422140461
-58.0175984518653
36.11984157858592
53.65054237815164
2.495556608489437
71.6806474023359
9.445701607625722
-0.27232183199599547
20.167714907416183
51.342661349851255
-98.90067712774906
-42.101744618639735
82.37641636832325
-75.46543710266222
39.59297995330374
-15.530477161667022
-56.37953026171629
86.73739797723258
-16.424142443557614
-12.432845893017785
0.5181680735970104
11.776074692414966
27.19656135456603
-98.56466046150236
-83.80225734976969
99.35228067278726
61.34937203910218
-56.43497619565987
39.63257370115244
56.56448924067584
-66.10701883764426
80.0732581262057
77.51925212716182
92.84250118611556
92.36922350755455
-25.816097584762176
23.9986682738965
63.911969475991214
49.07145146924094
-24.168317717125845
40.316846317654665
10.256086368510296
38.57302180439456
57.52795551408255
-90.93593239754992
96.28385866834967
-3.969225389667045
82.87831982916538
70.57420593260636
43.44933787636509
-51.17544559426468
22.407727956594186
-75.11548883822064
5.795370206174269
-21.170696798784846
96.27202344522422
14.53260792868258
-91.9166042827298
3.055861470745384
-20.13764265885507
45.03318391769781
-66.431018537955
-46.63655951764498
-73.7292809275332
64.07783105816185
51.62832900812043
33.4835172382775
96.22105642363564
-24.157146198663824
80.30275396160695
-68.81984163383981
-64.34734634951455
-74.39500996192075
-16.105502309772973
-7.048170923432906
-58.712493676430036
93.96688040014936
86.27155150917156
-67.58785131006908
86.20866278692142
-62.720257503903134
-74.12156995144232
-46.58729260480228
19.09902117705313
40.95280267304051
-22.148963475919388
-20.04627975362348
73.0458439178301
-82.51422890438455
-58.92960775719669
83.79122100735586
85.39836167346814
70.49500479670533
86.63706557385416
-70.49221815447764
19.401907397483882
91.61639923607231
-96.22993072396915
-76.33766075837909
39.306447052010014
91.30808725824755
-59.858368202236335
71.2596637132298
-24.696361563335472
-36.00082715809991
-61.995363848540876
-36.92736651830559
60.49988951104294
22.641337378434216
-75.78094887749867
-61.9283080693731
-13.943508631260087
35.531430996175004
12.892437626497923
8.978753206317151
-87.45812606372219
32.906579602906476
-66.62570738405434
-2.723230598787211
3.6861550387255164
-1.1279210566463007
-97.48934951334095
39.6512823726807
-35.68327805838214
47.321282832866984
61.538010749398865
94.99684323668797
-70.15112319307872
-91.23725913486402
90.94492614000566
-29.014825480908996
53.68378631056373
-8.478040642768093
75.1037411696241
-34.23948669611869
1.9952413779105882
75.19293539297877
-28.936522482281646
38.916978752664676
-94.77212536515913
-47.20958687840542
61.2639601788039
-70.36514448847528
-72.8401102887888
90.02949861906131
81.60590237771902
18.164079252197425
29.005296950987372
67.05366264524878
64.75965541426385
4.500814587527273
29.34105427996937
-13.386770514524386
77.22302704636849
-51.782915368205785
60.04783132188649
4.547304779893906
-63.584512652730616
73.0643012935866
-14.414851218144278
64.27908688939735
63.31715733577076
-67.71167081889106
85.37138512860619
-22.81360224993236
22.05938321616661
-24.70664351822505
-88.79647846851384
25.656477912319758
-74.33288817104642
-94.81657815154192
15.837932235915318
-55.47374229637754
-81.28732744776832
11.791379331980139
90.96235911388797
70.0715240601005
-15.181952727668985
-19.89825393821205
-45.048737062748856
91.29629558553464
-84.53745852407053
-5.25434821424264
40.45700654987877
43.355483778087944
27.43166143352562
-54.99324481190542
-54.59708172236621
28.19448153280385
40.259437010485584
94.65724817793105
-17.21421173449164
-68.23490071685612
40.890660853334765
-99.74736311806281
-79.01299751943182
-54.231063718493864
80.64747139948818
29.583976176359982
33.445877853507625
61.47972858072396
-54.307249404276334
22.42775669647766
-93.71853436714217
-33.89401467223591
77.12232886466998
45.87153568668094
17.042189285323104
-10.293212161474898
76.19169731459036
64.9298439159299
-91.3847001769681
-54.76866062784214
92.85670681979553
24.57245679289632
-5.557252627927937
-96.59863855149202
72.54849256319099
6.958814852195289
84.42461281070274
84.00435544262209
9.472674452869086
-73.10153228441379
-37.05180260588419
-61.5527854740977
-46.839813371492056
81.29543054549956
62.62756234189959
-37.703913584492234
61.70711522270861
-38.30918548559965
-82.0784535055578
-67.6360356614467
88.25226035492645
-72.88211517510655
83.2870055373968
38.97338972154171
-43.705116677573045
64.72440893198302
-59.55688043421154
24.75544494346373
-39.50695775269555
-64.16491013753722
-76.38095311051963
-10.762890910181966
-15.737923535825075
-69.39184111571875
25.396595937495235
-51.993886514348176
94.01855970003373
54.7294097264398
8.359159140134281
-83.53080547032627
-36.53976168471529
-1.313690804855213
-99.11251180113881
4.368750075769938
-38.46123036730176
0.05088371167263972
-12.107490015676191
37.382527127951164
-78.45557989525923
10.110937029064317
-28.05612469724386
-54.31015543746172
65.50557890901607
-32.06851157726594
92.2558712970565
78.29463896718781
83.09340992507992
-10.458527884671028
91.39053668280107
55.81866988329131
78.88975941559067
-0.2644339498097992
-0.9448451412843184
51.179849168053124
-43.23983584142108
-88.95848306688485
32.28835728620311
82.44946562305401
31.244346303936368
18.89401675808604
96.78004407111862
3.43672699231567
-20.125751599021925
-72.28321637424642
-90.30886112899432
-41.9464187238715
-12.294297524308178
-82.36868654497098
-45.784131826250096
-2.900831846216917
-11.028160035207904
70.28749974345232
92.23046374005338
64.21783906498095
5.382135337327767
45.791132496364355
-41.67609625193762
-43.005448288324885
13.507520398068635
-72.64674543244278
-61.69383893736031
9.423194326431883
65.81435056423274
-25.139115940240913
-73.79602086126975
-99.61355410480463
25.566236112253065
-12.978733446549143
86.56223812578304
-64.39473469719859
44.51190035068953
-76.71661274206825
59.352937400283366
29.589655446202812
-85.14882204093028
-98.31541212162873
-98.11167634416917
-86.87449248046669
-9.147446756657104
-62.94315326024229
-97.26760178705919
-27.53787117519731
55.60372611139783
89.70202414591043
-7.586154849551491
36.293237583610875
58.44921226848322
73.70332335869972
-87.86664674361919
79.5774934912003
15.7549660310561
42.796931949981115
-24.576695439149262
-1.1838989068298673
3.976741413803637
6.889446770033331
-61.134282327661936
-31.904641493381703
-57.11242635313123
72.43648472703666
-66.32939267583717
-74.95478600251303
-44.46707205364917
91.50906852715678
8.345132025698888
74.04615461839322
66.16897547334688
-70.53254037824101
-44.0390379841634
65.67733510645456
-30.702304676569
-75.462519138022
81.73070166628548
65.51325291721315
23.874749201919073
-38.59206649347997
31.85082752909136
-27.757510939637214
47.121638643635976
-44.92010971212188
-83.94623723850142
80.54629532337526
8.974453262902756
87.6549840553813
-67.00606664065099
-95.9822101749847
-65.42666418911737
95.74422892141968
-41.02044691034907
40.43382065811463
-89.62926201783338
94.73014497448005
-32.2209696979036
-89.21082823147712
57.76057560749396
-14.306958657847389
75.11379297844505
94.75884392544373
-58.235678011329185
23.736590842178146
-78.70965338270067
-27.97565631338614
56.100645913695786
-89.69750526673168
51.2667540783348
27.894078994026003
-59.48338674624858
-47.47606571965881
-74.48729739562421
50.457295981684155
-58.17698609006017
22.286500241017038
8.95444989628291
5.59558246659337
73.97020031492104
-20.845815914636233
-6.406686614188175
45.94519783747583
43.782362210440795
-39.869926651131024
22.965755711897003
90.75312827059813
-0.17645446067733417
52.75480873278653
-80.43283583197392
-75.11196275636667
43.26965164194593
37.52365677289407
-14.80108222367113
62.9800463183
84.32073577081297
0.1882917608834589
-27.9040549921547
-48.65511578157155
21.400212978695052
40.121417021504215
-37.12328924218631
-79.10222261574921
92.44423261580275
-31.318970480946987
-56.01035862700385
-94.6437892753478
64.61689909072231
-90.16422619234838
-20.204875228699677
57.70499839827821
-79.31088852771286
-5.455683194138999
4.941295548814239
82.91643634630944
-10.310130622852938
-5.871862509441698
1.7317384976789185
-13.519066293527686
-14.429601291634114
-60.83301852785663
-46.25475367191947
-13.449077609370931
-80.21507687702874
9.003421207914045
-1.3044519149074745
34.53604117919713
10.420320552364643
-59.4776205526083
-52.7033499416296
74.04967308328713
-40.501896278034025
37.015343768973395
-29.53631729697912
-44.90547487168357
-71.9630080608303
56.05704875027513
15.233180932823998
-33.922916043454805
40.205585021431176
3.6581009983070345
-7.1077302171062655
10.336129010030248
-94.0053784089085
-79.66545222344487
-72.36464857875956
48.27582164718598
30.941313442002553
-35.39474422861406
44.34805868444451
-68.65960500705128
-38.96357444556631
-28.76117725519063
-68.97227824371039
39.52977817937577
-91.35815271145403
-58.1503141838859
36.148542348368494
88.11413602876794
4.097480862480467
-35.20054533074098
-58.6078560704387
-36.68729549011815
-23.409979287717974
3.2997666890351525
53.84847294746794
-40.5719929657615
9.117333562772487
-40.78308903469403
98.42721671023128
34.726894126112285
19.986364850995656
-7.446803033424089
-15.306961531028591
30.072101891885865
-15.29822849988851
25.49074333309011
-99.20232124341892
-97.66686351383885
-42.72964510987316
-57.6696777949385
-14.845974081915784
-44.0165267170685
32.406795235522736
-8.69892759691659
-73.33939753327428
3.567179831258443
-27.758590038055274
1.5044246909256458
31.617067055554884
-69.81807754354669
66.67334712350416
65.33247724725933
34.261305458951114
95.00441604064957
25.089902765340028
29.27145045348979
74.55882433797535
98.98588274662595
-76.67617474612862
39.217732569665486
73.87334094080472
87.97383816829475
82.89250495418571
-34.50858612071741
-3.727397059061971
-83.63936236397717
50.653744444645355
68.34148518896396
-19.240601105513406
76.0913596674828
48.834300449699754
18.669953305029125
-49.185804035407735
27.324109227797237
75.88802900371687
53.13782390362991
-41.756235242070886
27.016915679580507
87.48086169718147
-2.2258113404705284
79.00704843891293
81.89218139380264
71.53760388238865
-52.501516054319254
-55.75577177239699
81.83438279389708
20.349193625914964
83.92066515219156
-6.424719078920035
-39.07120680618037
99.87434453194791
52.04834376487747
-0.4062641749706728
-25.839151871933865
35.87754368908858
-84.81917655803008
33.151382963884686
-73.88481862146001
-17.144734391096492
-85.00563474448187
-59.1625406834203
73.50980516139
62.21522802051206
-88.86058891172235
48.85437193331833
44.16427410981072
-84.53492399982471
93.27149356097618
48.327385323866594
-31.61773742655356
-48.57970834322221
73.919481736655
-0.48944946528746414
81.33299045485148
68.42383838636584
91.79999381817501
-72.03994324170968
25.54979828059996
21.240385365183002
-6.680583693739123
44.4333993312581
-97.162641156663
90.29969426672957
-51.07479934186323
45.5789383650681
-34.05799600384816
13.034459320479641
-31.181585582311214
-26.416679385532092
-58.67125360589425
-62.42842755109241
-56.90359842166841
-71.94039161263572
0.7219180262442819
-3.1027704500804703
19.51739950171563
-37.465769409335124
-35.952812096329524
7.909426346748916
47.809360465965966
-80.47771169804507
73.74805884257273
43.43241520968968
78.40945207451384
-12.297985032455344
63.46914176377027
88.22846124575918
58.15689947379897
-66.67594065785909
35.29572290542146
-43.97822695702356
15.075385486080123
5.560371752985688
-39.11723698887801
-28.045199964042624
-33.944287540417406
-12.603253405174158
-49.755082459798786
45.620137266915464
92.56963078546647
91.6653399060371
-50.574761850274655
-45.91537427720878
-97.52448293247053
-36.821092150397014
12.455444063757653
-97.8101819040249
46.75829376464077
76.13718302561921
57.146549900085574
-63.20121066380035
-72.23756640342545
-91.8200948932487
75.252443570227
-14.187307775134911
-30.144223136804342
69.47365115110725
-20.366846839899026
43.25772374457969
-0.4012022731768212
41.51116569149812
-68.29204571879062
55.02311658639067
65.55483006552842
38.454998573233155
-46.49607775675575
89.66928761502066
54.18185548400683
-52.349364300406506
36.292633363750184
-52.55188024031931
25.142309199020872
-37.81620428371082
77.33762034129538
35.84902834415712
-59.09769542500549
-63.85104039199889
98.93028539165002
33.58394451121117
-85.97753688055498
60.552623133151656
47.92033393130822
1.066583967942634
50.50586275064421
29.78257579304264
77.78673535457409
2.624353008012804
99.99903152257818
-97.10302446449828
47.966515923977795
16.923282136150306
-83.2361216054289
44.03196825931602
27.0256061860904
-1.1172919805503483
-12.574645317058454
79.44966971888311
59.22454853322233
54.306910917024766
2.995904506504374
29.515642375535094
85.89093937013558
-67.22737427194247
-86.02928817718265
49.97281212966897
-48.891410963305695
-12.279461553964595
-81.48898022775207
36.49133035317527
40.33460916126762
22.922182387496107
91.61104782008783
-75.91252646165749
-71.15595877843457
-62.47620965724754
32.799534328705136
94.16503508986389
-6.7151210207194225
90.26630430575483
-83.66427780172361
36.697762957449555
-48.9193713798531
-4.319310830485975
-21.57294556537437
-59.18767813463537
-74.95228500923945
-34.185949601784046
-2.234078945822972
-75.4630628597256
47.788006477777714
-87.63744579908106
75.49786578094452
-96.1525780159781
-41.83404132954192
-34.15587667832463
-72.66134107204854
-69.22678412676211
3.8008206593120804
-64.86270813939223
-47.57685221997436
-75.29886141411659
44.14112084368972
88.9980947818301
-0.8475938693703426
80.80849199790961
-38.578179135820534
89.77888549917495
43.233167173240474
-10.912528746235694
89.30924277224918
4.09183421115749
-6.516998994984775
-30.448576311706404
57.095322192332475
64.84366269347467
-68.87506972232455
72.66271551085035
-37.56912482721451
10.149853453633725
-40.3399607897333
-8.117559698612695
-44.91950792614947
94.3886694919461
48.05867566308987
70.24076590517356
32.865950445992354
-67.60324074697866
58.70147132423895
8.281045326652261
-84.61997673955892
-2.3763678051890906
-68.22903612779807
-53.96112890680382
-21.86612868882858
92.95099265465339
36.538045434123575
-5.041922840875543
-56.5121676495361
88.5103057451092
46.18944352349695
-34.14405861495801
43.67568228961463
-99.35740183630661
-55.15269971828971
-21.485833333938047
-39.59050916965916
-41.5456719081007
54.34689987715288
39.7425666450101
-41.4833304758506
-23.245662222843563
-18.556459770004594
-53.948028022831586
21.90785077488637
11.272091622333932
-3.569951946582634
83.80975205098545
50.97455304365727
53.84471681412242
-6.409600739466256
40.19006162549218
55.40161021376829
-17.510709952326977
-68.28205913946192
-39.35663936085201
-13.568123609487273
-5.125421305959804
-1.2630518819277654
-68.13398202142922
41.089439391962486
-14.956921347651502
-81.39303529158828
79.23491652000862
75.87281886146903
-27.48426363424099
-66.22398886769068
-7.464675337522976
-75.05337852817911
-96.16646202412709
-64.41135092979802
-47.422467847149605
99.108413138706
71.13324757893528
25.119170265289185
-44.62057037766276
-5.595277011014616
-38.80338888627093
18.024513338454852
13.731068961763924
32.416743982312255
-68.53208517845195
-69.34049585458473
59.7859646987697
45.846952045805125
56.46522778835816
-36.40044345599793
53.08482198715956
65.05387758634365
23.591162410167172
-1.9025721399290774
34.71262791004378
-84.04560617448801
-77.729607569525
-27.332844947373204
40.32185246124709
63.83180088918007
-87.91111704492229
77.87139853697599
-26.551632070261988
17.97934479042742
75.60554993825272
78.9446209253816
89.36799751740296
-61.43091743773292
-58.29956446590312
-44.17287256516911
1.7012789670384905
92.32125258302716
-69.1234560416957
-6.695411793958343
-62.21626227497325
97.14257693109357
64.57294199148927
-24.25543635651985
-85.11311130227068
-63.75592110310764
-12.637081042342885
-75.53807596693325
-58.85950375048128
65.60513387381812
51.455536142998284
-2.2991965490846127
-57.12700374603254
-15.368625079781722
-7.5691182847320135
42.771427486270596
88.49279073562684
97.5696902083996
35.9767920074853
87.40252106161753
64.86287055536278
-54.2274764495456
5.552935333463566
67.41158062137117
-33.46378987620153
-77.71051957860666
-59.18567923834681
-79.73157591872852
83.05041489928323
13.921673505582504
-7.272337164964711
-8.569515360576332
92.62384652461878
19.65578718477066
4.372861363260256
61.79279590703055
-65.55989481919144
93.4785906862922
-76.06382466814232
19.50591409952584
0.9363059499754058
50.657762188749075
47.86695047828894
-34.75132356091673
70.66755840643765
65.7574671022551
57.83543279813907
-78.17771767620579
-44.48001403525317
-89.21990710355401
6.180526226072018
9.136102989154196
27.763437124115327
0.4170620311537192
28.003867581489118
23.399384103646696
28.95894623236552
3.7637042951303528
46.27696385381523
57.94369728771332
-23.854676227891233
78.42420386223256
-43.63624826037915
68.93465019976583
-0.7170758054301416
-43.61803639140969
62.76817964611229
15.03473767568127
-90.4418181009875
64.32070492160383
70.71162474384232
31.807499968370195
-82.28847614906164
30.0587033334387
70.81619212166027
40.75682348709097
47.60438539813683
64.05300596289675
-29.39729534568943
28.412066538044627
47.72263740666682
53.46482305773165
70.4274786516512
23.85137844556786
-81.34254360570432
-64.79162321311162
45.644677966221394
-51.426949079289194
11.098671569265022
-26.111054484240825
-9.359792475251183
17.89549747434782
91.64638692528794
88.69672209499481
-75.42196984989391
2.371330763333006
-42.02777567790501
-72.67905456980978
-99.78052922149277
99.28729176627664
-48.35452725899161
60.308680272528846
46.78087514222506
-14.676826056608235
97.39543039754616
61.94237910719863
-8.54803992602227
77.15443370853055
50.66648922956077
38.090406976068266
8.187472506850128
-78.59379966539976
39.79941066526604
-43.01336530707162
53.99671139424947
-81.06202041218481
64.1096892854797
-96.03651477253115
-80.27066439191684
88.91024673921223
-34.20251065115674
63.24899046402567
-30.816179524452323
98.5921790707977
61.83511220513071
-71.1225813250708
-23.528690912927445
23.72641969649891
92.6288203552478
-86.88594838314606
88.30937348528997
90.02312787336979
4.311680276301601
-27.57083875429977
-10.509997417951126
11.908804148263457
13.19386804773086
-78.04083169390344
38.55061295504569
47.61006866724787
48.815283738491246
42.34371276944756
46.30891504186408
40.65029801139502
-63.509958337768936
59.47541672582207
-90.33734121450348
-49.19606518023589
77.50609967129668
40.29870035300965
93.81651256103586
20.075687762149187
-98.71892754605685
63.37216133036267
-44.98349697335866
-75.77830564076618
71.24793365063937
-39.02946659041777
-67.34417932984478
11.982105781855253
-43.78981360241752
9.19349422697411
-74.56966420373075
-17.03757826495948
49.58031641621022
2.5888545109002052
19.127943954952926
14.24531006941902
-34.047863138265086
-84.55332015747688
17.401444419622365
-99.87849942152356
34.04167253161853
25.276628246743797
68.42542994259057
-27.463940673029924
59.21793084795834
31.046894207891853
42.14009975630347
-2.5732544132520303
55.05664801916217
65.24801808475624
35.775132636376696
-23.52669836053778
-6.925736237955604
32.563739573798046
-33.50625745182883
-67.3894681122296
5.856116355620017
47.23783919535077
-2.053541091370789
-76.86501648667641
95.94936362104212
-56.64963180852549
11.866676239904734
-70.76444638059874
79.61902918557408
-95.36915168632756
23.56983759737045
2.919454422391212
27.01800865343067
-32.63641181443755
58.4122229917252
41.65592210039273
10.708467228021277
-16.46671538602571
43.48041531359132
-59.53448469008249
-90.95394357703684
-97.86082434053527
-76.46121523317328
-89.5949760123375
89.62132808618219
63.58539522568961
94.93156093749874
58.8009412728272
-14.449936660758041
-96.02989744658271
-53.796235278701765
-67.03961551195756
-64.2713591419017
58.12666916342852
-61.49687863036253
-74.7679164608327
-58.308441294849914
-35.44272242609172
38.285476061587104
-49.403068439067766
-26.126363886909118
-98.21389715316309
-2.172096353661118
-15.797775726773295
46.49494363036294
-51.40375289700705
3.1419745552597362
47.94137153631283
-59.574637692116774
-18.480552052594533
-47.30408668028354
79.90276756198745
-80.2005880125808
-54.67404102825586
28.60000157700435
22.08919946343532
-67.56597915137404
68.12185447783486
97.85800361001623
77.33728199864908
93.23140656455661
-53.16447559332546
-84.13860680396763
25.743989071137733
84.62239231589558
51.444222583846965
38.622559955346645
16.992596253620334
22.03859090109917
-21.22433596594597
-48.93376024845277
86.04250098060055
-7.609140115203189
51.03533759526911
18.58857875055166
98.34421964991887
13.697268450941309
30.874794887751563
-33.9612077190486
18.039097930753954
-84.59278116558752
-44.75904714777714
-79.80673568998611
83.80417503445778
41.88967307246051
72.88828076503319
-9.45655476254828
-86.38519461563341
24.00366958567264
-47.388166359477445
36.84882731492212
47.62664917684668
76.11044912913323
-46.712034632144174
41.953683210479
53.45938740052134
-31.452597808628994
33.23248366451767
-80.31716021955835
-17.001204692968045
-1.3175122043512602
-57.17755380774394
-15.627790020283754
-1.6325713665876265
-55.902939158342214
65.0109824865925
83.8190990574322
-43.54415734968373
-78.55073376964434
40.08659506296047
25.244470144250712
-32.59460739974807
79.22063943255887
22.009990844928936
53.41271428133584
70.9212763860456
-79.4981436185348
-4.452376438831223
-49.424182995628875
57.074408616664385
59.53383713249596
58.640253936598924
-35.08991948252125
81.9366790137216
92.05106450986818
20.299096241457136
-21.407177281647122
59.938749710539355
-84.30612954842296
-68.4551489228878
91.53959771609456
-91.43794671161965
-73.06222212852444
-50.748229790206345
64.24406539216835
79.6539115523654
-79.82165026792686
5.500269749911311
-54.07608853668011
71.6671894027694
53.1125561957484
-58.906255445460246
38.43261854615923
7.7786194652274645
86.66947240488958
7.62602816886519
16.350300662238013
-98.10948329766407
88.13376497546287
4.445652810968454
-73.35068536292648
-23.61718438989658
43.60372777128978
80.20602437702857
-51.30758298457572
85.17010166637061
35.00083695307305
-13.163553916221986
-71.76076908623992
-78.4454937323703
44.017111676464
8.141246689665806
64.03630472465437
14.961583855831691
-24.924883662559722
-31.002007549862626
-32.97657067033191
83.5598113441016
35.984211003828534
-7.301263342865425
34.76346647019096
-41.37695962475478
30.444922235003474
39.07374158456997
58.51639977512107
-18.526237593326684
45.28438536021679
-27.871311453327863
-79.88091011073853
-18.409968744228195
16.456700951518215
14.994169073478531
-88.51949414425162
-13.196127237191106
-62.700846464996054
73.48301337934203
70.35878958284945
-47.02686964452825
65.0036660113183
46.23059866656669
-0.5339658085628258
-50.14110917189052
32.173566964461884
67.97811528634801
-76.11858231825627
55.90476449609571
26.26280823665863
8.078583906562372
-88.72379119975587
-93.39529166422878
-62.32725080430159
43.53497915692705
83.95987780294305
58.69475022559928
-38.489332382745566
-87.18340997496759
61.45965399371369
89.48375324502666
39.18215530033427
-82.61664591546935
94.0993327592004
84.5026780557522
33.041125277484525
65.16363143469056
80.93615983493584
-69.61419870802055
76.80014148486617
18.858926397687313
46.54769755522665
0.26854589238500637
-89.47514336213611
-2.9903649846221043
37.85191899111376
-42.967284951321204
-91.36453295061786
-73.69317903713522
78.61155883395543
19.367212005039065
-82.15342296870986
40.0298817537757
65.25312884243786
9.372634458596039
14.551446286025978
-64.79506259960354
-34.19868285520997
87.94792224725941
-46.778436643509295
-6.2940969425877995
-0.05627604699745348
10.535370410164035
-70.24774747391835
-5.48898882474991
-87.6552328097493
-53.00123294234693
-24.19695726884217
-21.894937257585596
14.425521127841634
-75.5243615535529
-53.332439913386075
-22.145344645857563
-65.52213114108358
50.787647926485704
-71.70848812064541
20.387587058306565
58.597675508745624
-83.79682040269527
59.44650465545695
92.4336389300492
18.00305104878386
97.19150003315303
-68.39809528816929
-41.91509159947806
-54.484928830652855
-65.58260414571843
-22.478190731481092
59.94251482616431
-78.52371446375106
12.160740864357436
-53.86841214899556
-33.41654559455253
74.21110760785831
84.25492285546025
51.869375135849964
15.464037587940169
-40.261128231661125
25.608417832713997
-34.58278225863711
35.41082042695217
-16.43590876386709
-28.296376127448823
34.49809468380229
-62.90325602349181
-33.34002714769997
-46.46629017220862
57.49518491468325
25.353457155460447
0.6092791744147803
-73.4716677705863
32.326583387780886
37.14368906630213
-49.976155450864404
83.40294280141148
-15.758118751887281
16.49720160772273
-13.222743987959504
-45.55089832877866
25.44592880071484
38.692207030290376
-23.804780016364504
-83.51295961082192
-91.55096233453392
68.50124989997923
-99.97337840085518
84.95808562959249
-63.940004869395885
54.333678008907526
29.017771387835467
-70.53204552723678
-27.326269085228134
-33.862202244056604
71.93360021646453
96.92851736426684
-11.254489536813182
-78.47299873370659
12.600692548446048
87.50169116789849
23.62634435642417
92.09644799080817
67.1778282183065
-83.72353534665366
-11.955733041294053
-25.315316007632177
-72.76292404592775
58.073198035499786
75.33393005714831
27.83882982301462
1.932781669564875
21.961559815021857
-25.574046910160348
88.02112520484593
-15.552203620224333
-3.9444738460701245
-67.06860115314666
2.1214029985473672
17.75921630827915
-80.22545139591502
35.238532055491646
92.02893177962491
-84.10711115998235
-30.689346541109245
61.812734447612456
-50.02054462813268
-21.703960356202316
35.61254234273056
61.26338197528722
-81.39758801251241
-0.7167097086899048
-93.45260709016515
-85.15266752926807
65.55737766017958
-47.22421506456706
30.90571047958329
-29.177457792729328
22.749756154619178
94.9285510173948
-71.33510143886443
-56.929238098975766
-61.19325078568634
77.92147748398438
-39.85711367738156
90.42360864450319
-64.79941678082747
67.64753161678237
89.51673030506322
-12.19556585420527
36.47537813537778
39.92835494506974
87.62100910002417
-13.060857480141252
-58.604175279153004
50.652911475850374
-69.87835975137932
-37.66081517906412
56.156278863379214
-34.48302540320027
67.24827113074372
-80.64484012935063
53.462290159945155
4.191315092898336
-58.5158636374711
-63.665229537007285
49.91868464876654
23.504114550166562
98.61663344822858
73.3253270167273
76.03066680835713
35.72699292963105
46.19876715376486
-21.645966969460858
-59.09297457765543
17.46725745545345
-26.60828594727174
88.60860619365843
55.48101044747585
-13.542539951412593
-95.83576989372165
-46.293660777831455
-60.79935432959043
41.356571481279104
-82.24890943707435
5.537755914182512
73.2851396859702
-16.270988038345564
39.291670657063975
-76.13332212823371
-3.6238747952986614
-40.367719188526685
43.42620357619231
-32.96517891360568
92.28945875054544
-55.68255804029023
73.68437469625931
57.16506434863061
-71.90387168153696
-5.242082374022857
-36.58295021513904
-82.85283998167394
-57.97285812589974
20.8962377227365
88.90077598069556
-60.91792197217458
75.63425396412998
-34.68906993563917
-98.0956696101834
51.2778357949054
54.40840966596093
-68.95190982922539
70.58302093386843
74.8934231319997
70.73877688446404
45.94600969801189
99.27350338394956
23.065634874471314
75.99387945759486
26.436870410137246
-80.84369136426696
-20.729048712135366
-22.44703784455946
-59.95785184277289
62.759116280742035
-83.4366255936327
-82.37363798897746
6.919226910903149
-39.3409681053853
5.355507963917077
9.366781120468886
-90.73718613417465
-57.654022703549046
71.96104934844232
-18.46911272329777
24.276957503129907
-58.94498202112026
84.01851396534991
48.297973539101804
87.47471615239121
-34.58870707972201
-83.66109481752542
75.81366650321385
51.11373284489537
-75.40448037609791
36.13397435284264
-26.27526797871755
38.92123975639447
-85.81892549173995
87.88854544945085
7.4866154995512915
30.91895214952291
-90.37091329276569
-94.09751785455487
80.73271056003364
-96.33676428111495
-17.855218453915683
-29.143780674716325
50.186871336801744
78.75635379398383
52.55992671294183
31.71834162051391
-81.73538492918257
-45.966154071442
-38.468591846311014
-50.23503260155437
77.70733279664836
65.80656232215912
-38.32965554604662
-54.36219007808689
68.47734451388072
68.51603817612849
63.751517638897695
18.17727594338612
-35.13892185789145
-81.12485297909492
-2.743481955815568
-96.93519733023244
32.914426826562135
46.959497386955206
-99.30879102002996
54.53990280141508
14.269799031237255
82.31895967399524
84.50715191990551
45.10071041333228
38.810718076467765
62.79976324442711
-54.83736431797696
-32.31814086630773
-26.509960026663066
92.68912868537004
92.06217873041723
-43.02702817863464
-90.50762965654351
80.75436681310572
-4.671052093282128
19.8631263165272
42.10486220508628
96.75511194538149
6.799182619169429
22.57430409587667
29.116354257821826
-47.38177759867905
-81.53658608663824
71.85467889546388
54.48756951631924
48.81095671189658
-93.54302839596471
73.507983121254
-49.15822838071158
-84.10092629667672
54.185587456104
25.06239223186668
68.56756011459166
-68.89678253880777
-0.8670025894311522
-49.35194751694005
62.16810343990656
-94.79675151562239
69.1745350735253
81.81941298924212
-47.387423831511356
15.014418890015449
32.40801694111951
-92.5713934704925
-68.04595524305184
51.33030282572079
-48.72282834073722
-15.088357190267843
10.872610389372511
32.74917796904461
-69.19905377020494
95.00758138760048
-87.32537429422207
42.714184195617236
36.48799266861121
-38.01879980811189
33.995558019872846
-47.28407174579772
53.077421301165174
-69.70709651493925
-53.326869656172924
-24.432226938427476
15.771841037214784
-78.83999121868872
42.48054391346216
-70.04975357029359
77.50729722309194
-42.80489642859684
-52.83812491302069
-38.958483449295976
23.3198162283893
73.80757819174246
22.315767693105485
4.7198609506152565
13.633142507635739
99.18103439813996
79.16873143525459
47.0447577329559
85.29859765163607
75.17734703220225
34.678691683587914
-76.02737576298948
64.10598824876868
67.3836237336422
-65.10823774779573
69.15370561309231
43.214732409591164
-69.08605711718789
99.57871625020667
87.08086668038575
-7.626887476513829
66.17909021601974
9.0897378281269
-13.273606278054743
-53.5501322571696
-96.48055796583637
-72.51928057734334
-1.692124631582658
-89.70016243336416
-7.272481675403782
-60.812841220659955
6.383359862012597
67.91992106445824
-43.59903551848703
62.14403418679285
-69.34151877688882
-17.06743664575312
-66.14746926811455
22.501284244431986
-96.41142904205573
63.0141805802875
30.694329225668696
-99.00638015391546
15.750948760455088
65.84812774106095
-97.70712142302934
-39.139122643805216
11.905034704600581
93.6747751470385
2.1072485665852128
69.80392788026788
6.109468978293037
34.09624015950541
-44.27570763392901
64.53988895817918
-16.62155791551932
41.886574358373196
72.87903658434334
63.16065201808328
-32.551474471184434
-68.91993318957469
-94.79296849266372
-74.03459101710692
13.156575884868133
46.05678635030313
-8.846811032191937
97.5271612537988
-50.46869393990552
16.3025607299667
44.290269609789135
-91.82728854045395
52.691088499525875
-67.46425797464676
-66.99958633893243
-63.011483938254266
-15.116030679542064
43.61258596027605
92.01637110426472
-99.88577255876079
8.456932360868308
42.96063765967125
-37.80498749562655
-11.311031168567482
0.14971683082293907
38.74720585942481
-44.49666795052243
-93.50349697792349
-9.002616546172177
49.047601197940224
72.10730500874993
-7.420114235014168
-43.04328726797277
-96.14396637363912
-53.449695475169804
25.626722672010345
4.284626463594705
15.212556088786926
56.63291023645647
63.23393247448564
90.17148274296702
-60.99634441137258
11.277492881263413
16.638932043281258
-71.16218401917169
42.11755910848461
-9.68020567576832
-0.004747178026704546
14.86801696471116
91.42089285707047
1.236422850524761
71.4963742589789
38.785081878445396
6.900133009393713
-29.820461795108002
59.481617819717
68.81006116716352
63.35784511729648
-62.13161568756087
43.93673073127499
-71.98926519799475
-94.4035504213484
-66.60598635203299
12.383498498211338
-26.409027853781495
47.208213634634575
-27.885843298298482
-13.076308821748711
-12.751597181742454
-13.049796516620574
93.76371065102987
16.370283403792513
57.8791443249965
36.21611405340806
68.91393547751701
36.70382800324779
81.30357320731338
65.23670259203396
-79.20237536400768
-66.02026776698311
22.525056489525227
-9.103686243019496
92.93868226571641
-33.4517081219788
9.359311949141485
-20.440172896934655
82.86289210268947
-64.89249370121465
-95.30982094090422
-44.863569858899496
-1.8746268789460174
-34.91741140818516
79.32608449998827
-51.4679059413176
0.22765968243578527
-92.50129212454902
10.173061409340505
22.07225302179208
-14.345325825379419
27.31935565719749
31.097437772047414
-66.67396177530827
78.82312691555302
-20.14639180518698
35.36696990241734
-75.69148076475025
-56.96256379160572
59.9879950784823
-88.53528642383912
73.51459550083831
19.152369642513463
77.29805776463616
-28.199974625019138
-8.437258632945131
-17.823626763343043
51.961528845464045
-45.89447203187576
98.24660231960914
-9.143922848734974
-39.248654319090036
79.86662806184557
-20.74966634987831
16.468893611543663
-30.642220687209402
45.514043240915356
68.6743189973819
11.488364943265395
-34.922307019970006
-33.63789131870698
15.450324052224488
39.44497809539649
-41.70568574472513
27.383953409347654
38.850114575154436
15.3342153725484
89.05929019579142
3.0911609129693716
24.602475284773433
17.98191669671087
86.32594273486373
-30.905220615983126
-48.42748716260872
24.835830718076693
91.58513374388158
0.4912067451167559
-2.3918990308766155
51.158148517488115
-20.28285709926108
66.67378068513983
88.24097622557377
1.9950632390289798
18.772632819342135
-93.54708979916025
-93.88899202892667
14.370863043946528
-79.01721141688793
-45.82982595650043
4.289881340819733
-97.6250105958372
97.50043469938595
-79.65969001916335
50.65378288736332
49.022103749261134
31.46790689497979
87.59825347255875
76.12787588984213
99.02572665685142
-56.924203687694884
-27.861270933473747
-48.752908997453304
-97.96147010019818
48.92317873309156
92.01603634730733
5.359197663120369
-26.242301155678888
-41.639773028648804
30.49912301594182
52.616111855231935
-70.12974630125184
-58.63220669739591
-36.23948883147956
-13.858869518347234
83.83725470245227
-9.879603360091863
60.178418341674984
40.77771689949611
-87.35147372016138
-0.9428629888184048
55.18520961278767
-38.2878689828551
-24.0265565549699
41.29836600084542
38.58002338062917
16.956555246861527
-87.93880160811196
14.981843584241332
13.056934410412254
-30.78429341958524
67.45336812408678
57.89070057493157
-76.1197792282297
-93.4606075096251
47.102339078179284
-84.67440870175544
24.693254304058797
1.3631497153157426
-2.70450678982219
87.18597911911928
40.89451213414472
-20.15108942520378
-94.30882148989484
-81.35537639113946
33.50184804063551
53.09762525511036
-16.465634345642854
-31.679988814274964
81.09025852288917
22.69554937411374
60.08769952701812
-15.6361259584246
-11.047904215446863
-35.07072510313141
16.92931403628566
10.663210142180361
21.509281999782743
48.571730336803284
73.9877376139182
-16.679062206847647
12.168561245918937
-97.65583187375401
8.64437569824213
12.57941924813855
-3.488207919260816
-94.902113725943
-48.681102258752794
95.65481187523639
21.408332505219164
56.66139098227441
32.82748885064635
-21.316807241904783
-96.96656645163895
-89.62626591351086
-80.83753136070936
54.28332657248461
81.26356465363233
-85.20278853229541
-48.04708555212016
-41.16294756925167
-12.889279823995665
73.96423404883757
-49.10617868174136
12.565150934631703
77.29947785794121
52.25518045860744
38.82984341787022
-1.6552883202190003
88.40440008049865
46.84936089828574
-89.47574209484357
-8.18546889730058
-40.87100347671158
51.34407052490894
-14.083488756840296
-88.75466768237872
5.935603767069836
83.33561811173277
-96.14175003339047
-63.61769392157201
-77.90832305291619
27.988714207442044
-12.64547626742447
12.80191733406106
-80.6209466298688
9.124484759982238
79.86229449030577
-75.09150255122981
75.33014095959919
-52.27201688408074
-84.63683544952683
-80.97940727583736
78.03918610458999
-3.166502047417083
-3.3419791299064343
8.973941028723019
12.104492847450615
-30.416577747768983
45.63731056258581
93.84955242105713
33.919325771725454
-40.605090825345
-7.967992403018002
-2.7211092834471344
-94.63835338075101
-40.041822022831354
-75.69471660402516
-67.80122287151404
10.777130668974337
-8.60909552462195
76.80796567829512
11.59497642639684
-99.3327610473105
-68.33478920403691
90.65115543451401
90.91457731178392
-68.7037832905722
6.9175094527196705
-93.67913386912548
48.88692662164743
77.77599743718318
-86.58359477621465
-80.58716956865793
68.46764485638664
-42.134819187689246
15.240348443078318
-70.03995394439173
74.27361966764101
76.155630941335
-68.13446090534129
-17.094480765936908
19.967665062537534
-47.638928290368845
-8.996757522746819
-97.27784090193805
74.33647054458643
72.36774586623616
91.78323523747929
36.41858722410052
57.65380524003524
-78.45134685644746
13.060538252006083
72.31169080402387
-18.429789940745934
-11.895402735011501
-50.03367055897101
1.5940288510202691
26.264961405324684
0.8870478313389469
19.947508417361675
31.09671550865383
90.55126248796824
-53.428931342775286
65.21920376248104
6.093515100599319
25.47373459730757
47.49117060382366
-87.08893184443147
67.25332318259726
-27.923085126616073
-15.554841703991173
-12.419164367627914
50.679555245963314
63.81245821401686
15.88776832222294
-61.139742453814016
-36.54723299955567
-52.166735255357864
7.7795102603285216
38.009670754357074
-68.21488868986225
6.999555889372644
-98.8045021019033
15.790829492769305
66.32881190031284
-26.285685500001648
-71.02087375558925
29.374947378678286
56.46178039152258
19.6097052512183
29.871259278790916
-7.828478096193734
-26.154355150674775
90.07730522082397
-28.554154406667152
-78.68761334620996
69.71580806024681
-94.56076086197382
31.059198623607898
33.4257490002978
4.334986294561929
29.375206698931265
48.97757382290982
-36.31004499721291
-83.62044359485081
-97.45721827417889
81.62519078192307
63.919377755170416
-88.5953914540519
99.51576313822807
18.971415390709566
-30.644561756390587
-0.44771905006062696
90.18770039969661
55.35430558547648
56.97800749373897
-85.76638610333667
-95.82822557165017
-36.53757788527044
-45.912900206837115
-33.54550992139431
-8.147526929303012
37.38183537044847
-96.40111824330175
-35.46566982963799
59.03517556276995
93.4625604355669
42.15146705009349
-96.95763860852588
-72.0390773888307
-16.59299960862859
47.071547204944466
19.111629767813312
-48.590422550774036
52.32468962516134
62.23810835278471
24.197180855264705
-90.85875471966156
-90.32736172537506
-1.1750775754863412
58.648063989929454
-18.935166942687005
-75.26490965746856
32.79478113070141
93.47140112632735
59.06256689335564
-37.81990412985674
23.754492838970336
-3.0347192646871406
-51.848053546465756
-35.08150685867773
26.65141059512939
-1.197449921335462
85.84373383852218
83.04517138847913
95.79264901277494
-96.81308236257485
-61.67554446137458
15.225124450351828
-73.12707804192442
-63.65170361823913
49.923705577671285
-96.43522025478872
-38.64216177338857
-12.345546576786035
-72.72612456837429
99.58222086752971
14.122107233942245
-10.662815876562519
-26.33132405804777
95.07020916867981
-84.02767889806651
-86.20004458674448
-69.40690649929098
-40.233965343233315
63.89579796259477
56.79576477645446
-82.89566931547762
16.452273390693577
1.323285544092471
-43.79151082982424
19.48774341062176
-39.670331229121494
38.49266617497159
94.319865439045
-15.946799288827165
63.354050679715925
77.24515351303657
-22.609800010625605
79.1070254948873
-12.190707512836681
36.17562645472253
84.1133977939661
-11.61458889578067
-59.88337905660561
62.79926500742309
-31.224678965925605
52.007936959162464
-13.94882150040732
61.36075868806023
67.89350405663129
-34.98203852524236
52.442737587977945
-52.187901154689584
61.666186642323936
15.248893305943483
-58.65962414359809
22.83616135606657
-46.6746201341012
-9.807204659806132
-1.4777011733323633
5.8051319275334095
-35.704616242470124
58.48176744961049
-25.777105608586524
28.278582222765607
53.0496926004235
74.37706482758261
-38.89727345264484
49.14806931990714
-55.663855492295575
-48.08768749482597
90.34881957484046
-32.65051907119336
-18.976485811998472
39.63982603487514
38.94987563596604
-2.36865253857259
31.691123508855043
43.63032159672798
42.178481294407106
94.22038716912726
-72.27376885998287
-95.05314068706132
88.70933308554146
-10.18511318336843
41.02920619875459
-14.515706910050568
-37.84542168148983
-21.090581211496698
-77.72209748004116
-68.84180012369265
35.8063068100592
-95.68860537965327
-43.915383592900994
-7.914236512498135
-6.134002782938481
86.87262906822951
-55.27715564762013
-90.72397239368053
36.22906606427614
18.29865402898095
34.705232817375105
-71.6034243658693
-45.10876185731083
18.42007627297606
-26.368896429980452
-86.8744883083574
-18.640873135364515
80.30884139521305
42.26840607920332
-54.23233540485948
-83.85116426202683
-26.378746880893303
93.55774461946004
7.490175614849463
-35.3039760831894
-48.46280152118052
43.255202698401405
-71.88919757391754
-71.96919292584528
-63.23685210564174
77.45257953750695
-43.43978037623779
54.48017628462537
87.85904529248151
-37.27884585931509
-11.33252741089936
-0.28504539296272924
-75.76280565772345
62.279552227736104
-29.75303901851987
14.209381097581812
-14.663596708208672
-69.12787655749318
-10.320874356025328
31.65273716330742
-52.35458436801241
81.69726482615062
99.1178401385938
41.98337485902735
58.59784039880529
38.42206396080667
-36.620611965337325
-98.14515745646592
-29.2413854064435
-4.7336587725959305
-34.72093309059312
93.74789659018
3.487044391663275
62.587113962611
94.35285381461767
-39.56568068404223
-35.92279157241889
24.719395565229533
-77.90850341415748
69.27763397382728
-87.649620263244
-48.032286081290685
29.877224195859952
-77.0657504345485
41.41589631017709
89.9169809777535
-99.68397219777074
98.84338404713534
-13.897939842760891
54.976955895532996
99.54856038355754
-6.5857036448363
89.13820698642542
6.06567083320806
41.299311152449775
-66.45140565745744
49.4464569267366
-4.562352710770995
23.8833652854958
-69.27918659654642
74.71034400834952
-41.18279818345065
-76.37383560332071
84.6529127727936
-82.45085358968802
42.9777295379734
-20.16811431042936
41.523001907362755
-39.36712796642836
98.55435823866173
-96.4849399416444
-94.12435962082095
15.109495170357405
97.47586194998237
86.51341603920739
59.34532606557403
38.17574510490775
-92.64873721474645
-80.04256321695962
54.62787988523368
60.05323111565565
-28.460973634601743
-90.55798100013486
-4.80958374732387
32.5871826220841
-20.623067833179704
-96.89487600202784
79.75669557568133
14.026774198183304
-63.09618613994632
-54.56402181498514
26.1082631006808
-47.8996855173069
-29.36721921552919
-76.56297486913199
94.41850793659466
-39.314609185036595
84.14036400478764
87.87150023337512
70.3355107767369
63.61726324578629
-5.426867204035929
32.538123494147214
81.38912054051013
65.37912043390324
-39.08154887807407
37.24019473103655
93.65379622099616
2.8471993123945225
51.09149519908206
-69.4647181035058
94.77312887663513
-18.624362301950754
93.37170099587254
43.52590207230318
-33.5545221793969
-63.2725018270347
-82.80896231013708
13.491770658215273
3.896834313866364
-91.94696383045803
-8.42584312050137
-45.459202505027044
-44.99526146275461
-64.49816295835471
-28.022553870151427
-49.47940963825819
-66.0626153663064
85.4667633262109
-57.33575664269659
25.576811012571895
-95.25807552015935
-52.958779933917555
9.93311988339076
32.622228831250766
82.1950169540819
-73.95386147977423
81.23180724489822
89.42317665664785
-17.440577278011403
-42.12792919764474
97.62602165298102
-25.424789067011446
23.755039724243645
17.104033261318662
22.758450178369145
-60.79322766176447
-28.844811265178166
-81.14493377765963
72.45421791585395
16.127022337831036
-86.41388584422327
-15.488221752469713
-68.88294603531133
-28.264546963848474
-70.19799758430412
-73.84427978299493
97.62929467580051
88.92588379317331
56.90627796778466
38.7597227759465
-6.667407852962711
-29.618293093906374
66.36336226688547
-28.135403156405985
31.204389532736542
-91.04366088888685
-63.47728039486551
49.15362868634446
35.39532657770022
-67.47470888508317
81.87813399361167
29.013186017221898
62.83977246045828
-44.770896288365634
30.46236533218419
-42.17615712045004
51.62777759606118
-95.02136547824378
49.09687802364286
-64.46709951629845
-0.9051703851409769
-76.04781831731928
-65.7926770502749
-19.5254752178798
-74.25869293069161
-68.42466889139065
4.395062579145346
-21.37121281134968
15.085646703821936
28.307429072996115
19.838635998402566
16.726262806891086
-15.315825638675264
-8.082060455521287
-26.083317032981995
-73.55728888144999
89.69989077490646
45.015076655079866
-40.78854591229408
-7.7486353848396305
67.23277977711487
66.19295293392187
-50.592786987371866
80.1058598306821
-97.18839657781753
-94.24472441626574
-4.496146125721779
-71.52137973800352
86.42290671211924
23.047735867882665
-8.891551366031052
8.62987619187858
49.10717751628101
-11.802996542375283
-98.065566515217
16.01649530979516
40.88593103701038
-0.05517484395002725
-27.47736060690535
-62.75351188368812
-54.75133684120146
-4.632509846107524
69.74511145657814
41.81333919381453
13.9543484575088
-15.446026214765809
-36.031797597156825
1.2508777004968152
-60.08191884222855
-22.454927061082117
21.698502430415218
60.43974864267969
-12.236005911731112
-90.28342047229762
-83.89532911514463
12.610818913475171
-70.17077000158937
28.103322289122872
-50.74818439874191
-46.71932396767109
-61.60399846202915
-65.66601265698755
-26.426150308845095
-56.467149305319644
-50.96206508948722
-13.18327847155389
14.48416909201626
6.0742461728607395
97.3934611953631
-19.13140813670684
18.243714092369515
22.6169155367605
91.52863455866554
-1.4102726525420621
27.371277706901353
-98.4484163529781
83.6193011605655
-99.71095781720582
26.860050183099958
-68.37047494985677
1.1015473552336061
64.08839411752388
-48.63932196064267
80.42362937426907
34.24835621719049
92.76478289164862
-2.9975682624820763
6.563057952895377
-11.786659948584273
-48.46805445119331
-48.98491322182763
-36.93295913279264
59.932681119950274
-52.718658667472965
-3.8367252727907726
82.14417100581178
66.09264136867395
-76.13228567206767
41.87085395089372
30.5375519205613
-48.28508918948779
-31.193065093904252
-56.94570200863724
-90.25297091623352
66.28358051300103
16.704289389085574
-84.95159222997788
19.964548320732618
94.88806791016125
-84.29784340132156
-93.23250587508743
-64.31899222108169
23.026024799924897
-50.9474615950966
22.249568661191987
7.268909292817099
26.109160763751603
72.98976842566589
-6.370571576605741
-53.990006930504045
-48.62506139905221
21.245638199450937
-14.650300857324822
24.22391086919704
-20.169510221152237
-76.29997937063007
-32.99014095925999
-11.21669516387891
-41.22400940523294
68.33941915259908
-80.9796176719858
89.71885582819564
62.17207663024044
36.35223012078549
-0.6605354021956202
-93.53601561068979
52.75488793592294
-60.719464784578214
-79.64426903256579
-31.561406856168148
35.50363789167139
-74.94460608763447
36.0632122374528
-85.90227480455246
-12.756483618948394
46.84530934550301
52.561843213096694
-60.29861150385003
49.056516026565504
-77.19595475997771
-2.4799319680128207
64.72277796258695
39.67951538524267
-47.80093702358585
24.22889137754302
-96.3778789661987
28.538676256938913
-16.477287458024875
26.71689059745131
81.28464722006183
45.1397722590896
-43.80508469540128
-67.61073453954236
84.6545784738274
-66.17983997274197
-4.1707246508007785
92.38584023328451
95.46928769547989
84.37034178727777
-13.38761858335809
-32.487356220897155
67.79240722530724
54.98262792279627
25.642251293527323
-88.22266123338567
6.662168069831154
37.96525772443263
34.03419964888542
-19.082150244969043
-69.66510322532184
-91.46827352977145
27.058884862157726
22.267847961922087
-56.19301214048513
-89.20522399331679
-44.78490180072798
21.96824800506947
-14.892912946048313
-14.416388109984439
-33.23938249767831
43.66573863388078
-85.26117831975117
-53.7723050223319
-49.41041405228663
68.47274431434244
82.26779120722131
49.30214145130648
-48.92247429160421
59.5228835170675
21.267419770548486
82.81644922162442
73.55800988212849
0.3894966308370442
-58.64544309590456
70.18186900803204
98.75244590972
17.46021742898772
-36.66629249936433
-1.6017537578074723
46.89071148783134
-97.55653174141707
86.81413743682086
-1.2008781034033973
-55.812416785424986
-56.888824472822975
-10.051945501137595
11.075136735455061
13.433759684217478
-97.00970912349689
39.58188702704487
-60.655180679263474
30.925513858666648
-25.20206948563977
-24.96063578832242
-53.28039459344196
73.21934016437442
26.4981085267668
59.71680348015221
7.570330544703353
-28.155379518433904
-30.036612643801888
