500
250.0
125.25
63.125
32.3125
17.15625
9.828125
6.4140625
7.4140625
13.2421875
11.53515625
14.94921875
24.484375
20.8203125
19.23828125
22.40234375
28.1484375
26.31640625
29.98046875
47.46875
39.890625
36.3515625
34.83203125
37.87109375
43.4296875
41.66015625
45.19921875
55.046875
51.2578125
49.61328125
52.90234375
58.8359375
56.94140625
60.73046875
93.9375
78.53125
71.078125
67.6015625
68.6015625
74.5546875
72.81640625
76.29296875
85.984375
82.2578125
80.64453125
83.87109375
89.7109375
87.84765625
91.57421875
109.34375
101.640625
98.0390625
96.48828125
99.58984375
105.2421875
103.44140625
107.04296875
117.046875
113.1953125
111.51953125
114.87109375
120.8984375
118.97265625
122.82421875
187.375
156.3125
141.03125
133.640625
130.1953125
131.1953125
137.0859375
135.36328125
138.80859375
148.421875
144.7265625
143.12890625
146.32421875
152.1171875
150.26953125
153.96484375
171.59375
163.953125
160.3828125
158.84765625
161.91796875
167.5234375
165.73828125
169.30859375
179.234375
175.4140625
173.75390625
177.07421875
183.0546875
181.14453125
184.96484375
218.4375
202.90625
195.390625
191.8828125
190.37890625
193.38671875
198.8984375
197.14453125
200.65234375
210.421875
206.6640625
205.03515625
208.29296875
214.1796875
212.30078125
216.05859375
233.96875
226.203125
222.5703125
221.00390625
224.13671875
229.8359375
228.01953125
231.65234375
241.734375
237.8515625
236.16015625
239.54296875
245.6171875
243.67578125
247.55859375
374.75
312.375
281.4375
266.21875
258.859375
255.4296875
256.4296875
262.2890625
260.57421875
264.00390625
273.578125
269.8984375
268.30859375
271.48828125
277.2578125
275.41796875
279.09765625
296.65625
289.046875
285.4921875
283.96484375
287.01953125
292.6015625
290.82421875
294.37890625
304.265625
300.4609375
298.80859375
302.11328125
308.0703125
306.16796875
309.97265625
343.3125
327.84375
320.359375
316.8671875
317.8671875
323.8515625
322.10546875
325.59765625
335.328125
331.5859375
329.96484375
333.20703125
339.0703125
337.19921875
340.94140625
358.78125
351.046875
347.4296875
345.87109375
348.98828125
354.6640625
352.85546875
356.47265625
366.515625
362.6484375
360.96484375
364.33203125
370.3828125
368.44921875
372.31640625
437.125
405.9375
390.59375
383.171875
379.7109375
380.7109375
386.6328125
384.90234375
388.36328125
398.015625
394.3046875
392.69921875
395.91015625
401.7265625
399.87109375
403.58203125
421.28125
413.609375
410.0234375
408.48046875
411.56640625
417.1953125
415.40234375
418.98828125
428.953125
425.1171875
423.44921875
426.78515625
432.7890625
430.87109375
434.70703125
468.3125
452.71875
445.171875
441.6484375
440.13671875
443.16015625
448.6953125
446.93359375
450.45703125
460.265625
456.4921875
454.85546875
458.12890625
464.0390625
462.15234375
465.92578125
483.90625
476.109375
472.4609375
470.88671875
474.03515625
479.7578125
477.93359375
481.58203125
491.703125
487.8046875
486.10546875
489.50390625
495.6015625
493.65234375
497.55078125
750.0
625.0
562.75
531.875
516.6875
509.34375
505.921875
506.921875
512.765625
511.0546875
514.4765625
524.03125
520.359375
518.7734375
521.9453125
527.703125
525.8671875
529.5390625
547.0625
539.46875
535.921875
534.3984375
537.4453125
543.015625
541.2421875
544.7890625
554.65625
550.859375
549.2109375
552.5078125
558.453125
556.5546875
560.3515625
593.625
578.1875
570.71875
567.234375
568.234375
574.203125
572.4609375
575.9453125
585.65625
581.921875
580.3046875
583.5390625
589.390625
587.5234375
591.2578125
609.0625
601.34375
597.734375
596.1796875
599.2890625
604.953125
603.1484375
606.7578125
616.78125
612.921875
611.2421875
614.6015625
620.640625
618.7109375
622.5703125
687.25
656.125
640.8125
633.40625
629.953125
630.953125
636.859375
635.1328125
638.5859375
648.21875
644.515625
642.9140625
646.1171875
651.921875
650.0703125
653.7734375
671.4375
663.78125
660.203125
658.6640625
661.7421875
667.359375
665.5703125
669.1484375
679.09375
675.265625
673.6015625
676.9296875
682.921875
681.0078125
684.8359375
718.375
702.8125
695.28125
691.765625
690.2578125
693.2734375
698.796875
697.0390625
700.5546875
710.34375
706.578125
704.9453125
708.2109375
714.109375
712.2265625
715.9921875
733.9375
726.15625
722.515625
720.9453125
724.0859375
729.796875
727.9765625
731.6171875
741.71875
737.828125
736.1328125
739.5234375
745.609375
743.6640625
747.5546875
875.0
812.5
781.5
766.25
758.875
755.4375
756.4375
762.3125
760.59375
764.03125
773.625
769.9375
768.34375
771.53125
777.3125
775.46875
779.15625
796.75
789.125
785.5625
784.03125
787.09375
792.6875
790.90625
794.46875
804.375
800.5625
798.90625
802.21875
808.1875
806.28125
810.09375
843.5
828.0
820.5
817.0
815.5
818.5
824.0
822.25
825.75
835.5
831.75
830.125
833.375
839.25
837.375
841.125
859.0
851.25
847.625
846.0625
849.1875
854.875
853.0625
856.6875
866.75
862.875
861.1875
864.5625
870.625
868.6875
872.5625
937.5
906.25
890.875
883.4375
879.96875
880.96875
886.90625
885.171875
888.640625
898.3125
894.59375
892.984375
896.203125
902.03125
900.171875
903.890625
921.625
913.9375
910.34375
908.796875
911.890625
917.53125
915.734375
919.328125
929.3125
925.46875
923.796875
927.140625
933.15625
931.234375
935.078125
968.75
953.125
945.5625
942.03125
940.515625
943.546875
949.09375
947.328125
950.859375
960.6875
956.90625
955.265625
958.546875
964.46875
962.578125
966.359375
984.375
976.5625
972.90625
971.328125
974.484375
980.21875
978.390625
982.046875
992.1875
988.28125
986.578125
989.984375
996.09375
994.140625
998.046875
