200
100.0
50.25
25.625
13.5625
7.78125
5.140625
6.140625
10.421875
11.421875
19.34375
16.453125
17.453125
22.234375
23.234375
37.6875
31.65625
28.890625
29.890625
34.421875
35.421875
43.71875
40.703125
41.703125
46.734375
45.2265625
48.2421875
74.875
62.5625
56.65625
53.953125
54.953125
59.359375
60.359375
68.46875
65.515625
66.515625
71.421875
72.421875
87.1875
81.03125
78.203125
79.203125
83.859375
84.859375
93.34375
90.265625
91.265625
96.421875
94.8828125
97.9609375
149.75
124.875
112.6875
106.84375
104.171875
105.171875
109.515625
110.515625
118.53125
115.609375
116.609375
121.453125
122.453125
137.0625
130.96875
128.171875
129.171875
133.765625
134.765625
143.15625
140.109375
141.109375
146.203125
144.6796875
147.7265625
174.625
162.1875
156.21875
153.484375
154.484375
158.953125
159.953125
168.15625
165.171875
166.171875
171.140625
172.140625
187.0625
180.84375
177.984375
178.984375
183.703125
184.703125
193.28125
190.171875
191.171875
196.390625
194.8359375
197.9453125
300.0
250.0
225.25
213.125
207.3125
204.65625
205.65625
209.96875
210.96875
218.9375
216.03125
217.03125
221.84375
222.84375
237.375
231.3125
228.53125
229.53125
234.09375
235.09375
243.4375
240.40625
241.40625
246.46875
244.953125
247.984375
274.75
262.375
256.4375
253.71875
254.71875
259.15625
260.15625
268.3125
265.34375
266.34375
271.28125
272.28125
287.125
280.9375
278.09375
279.09375
283.78125
284.78125
293.3125
290.21875
291.21875
296.40625
294.859375
297.953125
350.0
325.0
312.75
306.875
304.1875
305.1875
309.5625
310.5625
318.625
315.6875
316.6875
321.5625
322.5625
337.25
331.125
328.3125
329.3125
333.9375
334.9375
343.375
340.3125
341.3125
346.4375
344.90625
347.96875
375.0
362.5
356.5
353.75
354.75
359.25
360.25
368.5
365.5
366.5
371.5
370.0
373.0
387.5
381.25
378.375
379.375
384.125
385.125
393.75
390.625
391.625
396.875
395.3125
398.4375
