-74.6290135954874
-4.668516276536721
64.76757406736274
41.229134473990996
-53.8168974519682
1.0153004883631382
-54.10636892658338
-16.29598748609007
-84.56983382783659
-19.418731516343215
39.63025094498056
-83.86400625069479
-63.33165603552888
-96.2936369338203
67.81623548853534
26.093656849805555
72.21643797639351
92.19177980429154
-34.67479770714439
79.22085840966372
6.381905336302822
70.41481152083477
-90.22188996020925
55.38090488593548
-94.65227288205173
-13.82551472901821
93.41485695847817
44.75215133671685
22.765982941153553
-34.46075678039648
-41.74128776140555
-96.1177067951596
83.07416608031951
-72.50365734069304
-85.48647528482782
-46.80686554729774
-89.2698802863497
-83.30990411660575
39.64430646131339
-65.90335372765011
86.02262125233344
-97.21676241204365
28.544516292503374
-28.431876960535078
-48.756991541872765
44.01721544788256
27.833180926480722
36.849010570088524
-6.0532068273913495
70.72614701091459
6.92372994420154
75.70385808788495
-51.18113139615368
2.4905900329539747
-92.2972506857285
44.623899855557596
-62.513562060159785
33.18797431737582
-18.988417476516588
12.675387091930347
-37.31746907862532
-60.06296152007955
-80.27741807045716
-47.31805563428901
-71.28742860014839
-18.893317421753224
-46.568602282036586
96.07598752988866
-72.97359450738945
21.07407370475471
43.667991255482036
16.0977620731162
93.94561964329071
-17.9670379643359
-16.24270475053362
84.55301126787072
49.88656544368823
54.12145053605806
-33.49109300821027
-29.05451333364948
-52.747942085734834
27.74888784362672
78.96480439187715
79.38206759164521
4.384078171972263
9.650958801775673
-63.68721231909249
95.41502443527901
-87.18114545231586
-35.789757034958654
98.39031718327914
28.067783220000024
44.17579567755067
-42.10076163773695
-83.22922710306035
-79.34478286823992
74.7528048780168
-51.6004768005003
-75.00245092925933
-88.67280049455304
17.198683135793246
-27.282767902590876
27.04811723596707
-73.49309107724535
-0.13253232520209224
92.11885316899372
82.72350984069044
81.5602842117745
-63.60630536971821
57.032523281979024
-34.947288021306335
-81.61821420892603
68.48193961617636
-8.63844158311619
-10.460495592310906
-63.12763346607109
-55.4086037179504
-31.74865104262807
18.4003433143924
43.134418884081725
-1.5444264394869833
80.62187933859786
-20.834892536878584
4.059177710082579
10.31719137005389
-94.98327397073037
50.37448916178465
18.28301848165512
-61.53822059954408
56.509102371866646
46.94966329979877
41.98452493774619
98.00761386110761
-28.749199908557486
-33.71421118270652
72.34927729485858
63.47638126224962
8.29324404142578
29.870550689023133
-93.22964527901527
41.85864623451542
-91.38402321037373
-18.71186757798533
62.61547812079692
-80.22767935062667
-41.18992047908998
16.998333564794876
-20.166649084417926
-93.38794131910193
2.310531450291279
50.62363223404722
55.94540491683614
7.773838935869492
33.298824936479946
-46.083463672367266
11.603260893156914
-41.42397426044933
34.05209073715915
43.91843962776554
-45.63336335161547
46.559551377883025
21.717365269136053
60.80371556651323
3.457734119051196
-7.506147968128559
15.414596404437745
-99.24171387853329
70.45094342615238
54.14418133843836
-62.03363884792432
44.99769116162037
83.85719833945396
-20.151541453640064
98.94787479876695
46.414898025437424
31.904582128261012
76.5378639303517
51.576503980144764
45.7091325625243
43.34088660319506
-78.15969373448455
22.478182952615015
-51.17345203097117
-43.384186321105744
-86.3053218116883
-38.91501761037157
-88.6299432905115
-99.56381398104594
58.52437025491267
-26.835193864724545
-1.2076229393512392
27.252345675506888
-28.804622242604495
12.056336343553724
99.60035906236553
61.12544261608534
92.42364309525135
-35.92929154092978
-94.10080683579778
65.51033118921032
-40.29133196218147
5.977682502265964
-19.017333437811516
91.85631292466584
32.08808537159439
2.7501138015103805
-68.45533720550243
-17.1098031162025
-34.402572419057975
-56.63887922806461
86.75257119603131
-78.24223475339467
17.972671704159282
-15.376520429301706
-67.1342129282176
27.690611928134672
-35.421394881768634
4.499237376753655
-89.25010507941468
57.61831969075752
23.24481183488443
-33.193239348961015
-24.954764032713257
41.7384896376538
-49.428643540521456
26.25591631203943
-93.9514508678565
47.03223481903126
58.06832617242952
-16.401036267471625
10.90394292904
23.665175304631575
9.893838925641305
-6.27460263555173
33.83158395401597
-95.01281972338165
-90.54967003071476
83.73913090277617
39.656779605888715
66.67761619556683
75.62713355780483
8.020400301031955
19.887283299717254
19.84669975334387
67.51351226621759
84.88568057902367
24.615980607463086
10.46535035993665
75.2443044925387
89.45045434610046
72.88779271951361
27.230914992917505
92.4470922431776
-32.78090884733335
-97.63149319105995
-39.335733635455775
27.791721437409805
-74.50747502476374
95.42465774553241
96.25823913023464
-29.570573078916325
-37.53042214364799
-91.59304509246589
72.1397932110498
-38.34359535633516
3.916599348989976
-65.43888060723276
84.94059954940104
56.207452915089306
-61.789239323047276
-70.0357624229323
94.47766510666293
-78.0304751875483
-88.2015452144386
28.260103724991893
-30.7499392163014
-49.517246780118576
66.15183928787235
-6.561358379907432
-32.57617917313257
-20.817645975869794
-66.04255089557108
-71.91429731449881
34.18142338107836
69.6137759427287
47.07973923041169
-25.066511899734508
17.874184926535435
-50.1451497525029
21.71972779770566
1.4697899444410183
24.306532699075404
3.0928246890314313
79.20201830916355
70.92491038558904
-48.55069687991993
-50.77713504705545
91.15802285697342
98.61801147490127
-36.43015461121068
81.11169527380031
-16.775306325631504
34.709384587397295
-47.49677659992892
-65.27433207428595
67.56914576934949
65.23512686867977
-86.86845895937583
45.33996587125057
62.81805950658682
73.82398165219291
47.45179253623152
-11.07697075352489
-85.12613749436568
99.08173425623619
-3.3654188532086664
-9.618104095503327
-50.985501493492414
-69.10468720071623
59.297901167184875
-84.99763739988214
-86.89131231221758
32.01806036843044
-78.45897344537337
89.97953021699595
25.688336909640014
37.90370476370563
10.012669261130853
-88.38694447274906
-56.17598657730547
17.745631799147702
-94.5789883638432
26.439726092108785
-26.970252262187316
-83.07241304707087
-8.956086525628024
-44.98750692183056
27.297878642693377
-21.999515022490442
35.25507699439123
44.813593484429475
58.09463498938359
39.40979257124039
27.87878473481895
30.702096749985458
41.365906359097664
28.877903649340624
51.61662255500298
-94.54547488007708
-83.64222060298175
-0.8647046121813275
15.231712673628309
-58.51802577910803
91.51708887609226
14.223946348487402
-73.04415144782297
-64.48695187817097
73.4783970276512
73.50885102755399
-43.04459122120503
-63.07611747331927
54.465895190917905
-31.045562158055432
41.61568441212674
1.3314738161987805
72.86059220331705
23.576013591711416
-71.76023469424754
-48.89584622066199
-44.90144929731101
-0.9049226713658527
30.746697983574848
7.658924589053171
5.9892872906590355
89.48140112861796
-36.20744156290328
77.24463523296149
-7.856218259299936
-72.43942470283935
-92.35326916383579
-1.998146639175502
83.22166035514178
75.45527211932819
-18.65347625391685
37.5268648562149
7.973194739785498
-69.64814488074524
-84.00745723003236
1.7714235784764867
72.29627463775938
-44.79420115173591
15.865722858803082
-22.951800258041928
-67.49101320191988
-26.614434519219344
-78.38626779063533
58.751579241345866
-9.04475096382204
-23.82697958616677
-35.543366604421195
-79.55885272563934
-34.52136039638174
78.53733088869899
9.000041499335936
-5.004295396929663
70.49956486447297
-35.60116500358133
-45.36696247407506
-61.37921376022373
74.01423433508637
-64.70556324172526
-66.99958218438029
-0.8269242979312708
98.00016424439974
67.72301585874703
25.44586926968509
79.61122482884883
7.97552056814132
83.51898548634833
-26.892178358953117
-89.23412010540622
-33.32104514365095
67.03157828727561
-57.67175420268125
76.9567243690719
24.827969377737077
-71.47837856765327
93.8946320698812
-27.051365786789944
15.710297942847376
-30.796930810515903
-79.65719988964071
77.49218669267813
-72.7593561561646
2.552998603800333
-77.58940952516203
-31.052343103890422
62.693596930419005
26.08418845287943
53.88310798517216
45.087883677478885
47.94284404841511
-73.7117294361301
-28.74745727058685
-42.03129655736464
-68.47713382069773
-22.329707171913356
-63.50198682521846
-84.20031759084961
-86.46564094281672
-51.87242149018931
-23.34931031246579
8.208445907146668
-98.81171911602577
1.9618308331041021
99.07593884805425
-16.195764086924953
-34.41420187240236
-1.755114281934624
-54.38852205501288
36.292716648665674
0.3444643168591881
-41.81582755587203
-79.01257557396445
-42.85515925189536
14.136832643744896
-11.868482719679818
-96.75908926032308
41.101225992270145
67.02387334555644
15.933163062040137
-62.17847531358771
38.58751062723772
-95.25843355127523
38.914491655257166
45.2402121657646
76.07203860787018
75.00296611953604
-83.7921624364341
83.83684836099522
-23.337815767415137
-16.07749918096046
16.53066140551769
-19.45941702398109
59.365960562137644
57.82603008059027
20.650246185129916
-63.71049895608891
-29.000442477675833
23.97537532808944
35.55697322928049
21.71916643710763
-25.45093166431363
20.695591101167764
-54.105429168640384
-33.298626326779114
38.801625591177384
-29.00505080423916
-72.92763825424602
36.90501619875732
86.0974087955968
95.48387105667985
29.971789640017846
15.063115579364478
-4.64757741537926
52.849955785184505
-19.34205917679141
44.42237719602949
-8.673939070995914
-48.31132339014958
-57.623129478499365
-98.61720148038242
91.74404667157538
19.56979518487303
98.54326967471965
-15.335522609236563
-81.60531132324287
-51.52146746074047
28.654132534383677
-94.95210788961298
5.502898510831059
-44.80632965653275
46.4278058203154
14.921203821301702
77.58106692178367
-85.71773036458788
64.11895304739451
20.396671332264077
19.843344290739978
-95.41457713880853
90.8715612409512
-71.18469960147107
-21.87188677481356
-14.562591492599225
-51.945267458958156
-99.99050069644228
-36.67040563217221
83.49331934061567
-3.9758269688777688
86.6005125450047
68.78462389417498
69.10265912857369
-63.142232466857905
97.65303638283785
-85.56023585891607
-16.79670519682928
-92.18697833234815
-19.14316299107699
-69.0309552176389
-14.514047665193218
38.032970299895965
-82.92607018421816
-14.940910331669073
-98.70840745332107
80.5650760309654
-48.56160326331236
80.04298477173816
52.20505553453245
-84.29807153747689
82.12548609421185
-32.84848615515486
-15.64369053142127
67.90601519457002
-8.810294548431344
-10.381200773001467
-63.54754315194864
-46.04677170778779
-71.19069993071727
88.2109943145272
-48.66369044279155
69.318701063031
-93.98860933431324
95.89914797669257
-26.454226962096698
-33.494216896568844
-93.34530615545624
-77.26714073617104
48.9341836810525
52.22936139716825
88.60439275705846
59.25373837690722
-30.52692861140784
19.427214612382855
-91.6658048095246
-30.368784005277874
27.035219917645193
-71.41324432054074
-34.83792183364376
-35.629392043681605
36.40497526818359
66.48416737596199
-57.91105788903648
-58.61662314681799
-59.73732815583392
94.35924249345322
-44.45856192991595
82.33293311125996
44.61410171271359
26.77302436215632
87.62748196771244
-19.978528488017247
19.113817927858094
95.82254551383451
-28.305133155805095
-8.489756848100498
-52.838088751415
37.651501136951254
59.690093860609494
-67.28837352932683
-7.645284819311371
99.15727532226563
48.94656874001123
68.59820724516916
35.57126672462303
3.6611197615308555
12.442776726858895
3.2600496734427367
60.36976588339974
86.2592770835993
-37.40625515470928
90.53387887710645
-18.599785034774328
-17.523362391342488
13.666902921024217
-18.867851757050502
47.32974554773847
78.01405234776868
-37.262203784654766
-43.624881646450305
-45.16305106287466
-9.912498097678963
68.40321232559805
47.17916108558279
-49.64179849697501
-37.61073030674513
77.72648215190125
56.918405541887694
47.001437489751
-5.94388433001734
5.305737150142392
-68.63390615058786
44.99997289340655
-62.39711553433629
14.648454645880832
17.518003701825123
95.12483557355316
73.2384197552075
-81.76331827840424
60.24279263509496
18.960329501157318
72.17167692873153
-17.095305627965445
-66.97021873655936
-74.98198823768958
82.71556265052561
-85.98407606127867
82.29209744519017
-99.20113488113964
73.85591506362894
-78.77192337505052
-58.02179335353293
63.13750202304405
-72.9026928642366
-92.42173532100972
-72.4835565612
62.66040388977464
43.75052812619222
40.74554166441666
-37.8725910995696
88.7657739499185
-82.15036878492504
76.6595894743765
-30.7089005126701
47.02760708118504
76.72347635857588
-70.59003076584867
-78.12362968724142
58.195498651595756
38.38350957126906
-17.798762861499014
27.713942038295954
24.903753052113345
-59.078017713533626
34.22369120650933
76.76843186949836
-68.64394055434875
43.754549626559395
58.04556070468135
-19.385871544795677
82.98382786245654
9.114296921330634
-38.00083267737511
72.67738433260882
-38.63165622205875
6.724226851451334
4.396430129739272
-51.652800814703646
-76.55878088088343
-86.15169330689506
81.54509806915527
-50.34393452980432
60.99928367867395
-10.358443008760162
-98.12692227781837
-85.95384325027955
-77.77344236533432
50.42284082962678
-54.44022635233936
-52.01289941512171
-40.58963835912375
-98.81629724583479
-67.50342063982207
89.11422545167838
3.8194859299759685
81.93712344578606
-58.6545561835849
-47.72975559632313
-89.53947585231816
86.42696406150344
93.31411892829104
8.83612823592432
-24.176926160620667
8.754640444127745
-30.304341457595797
-31.715695470832372
52.7198587803409
-19.86749538616273
-95.0343423482521
42.06189934843863
-30.512592130564272
55.053794755296934
0.4233363035045272
-97.12851149569566
-53.11006750569482
15.55254285729815
51.563329196350736
19.572440067974966
-82.89859119698468
-62.309950247109704
96.90407622772614
33.69461488892017
-20.54880151272414
-83.5942789878205
-46.10249308090626
93.39314972390545
54.45334745514609
53.0827213334332
-38.61391737621531
-39.175568732235774
11.728185896699088
-75.85613863828118
-87.77085691763611
16.92505312266188
25.79232640438387
-79.27255966516731
61.20332903821205
45.151173310521244
-15.610889544949586
23.59729748328789
-87.48659316634837
51.77895152347517
12.30402193174065
-11.403003108462102
-18.849132955137108
31.92994222070763
35.34503664304012
3.268998467206103
97.79473157051919
-88.80300814140907
-95.73057817462013
4.075154663248753
-43.44963661608476
-85.0744182837437
-30.835230242142003
-16.18224574225384
9.469104805799986
75.63233767196695
-80.9615152052789
-58.69519076628866
76.82055587891344
61.63484258727695
-15.356789841300994
-73.0937220045449
-5.381208044590608
-77.20671785439185
23.26670934964021
-60.04323416361452
62.4687504755579
-91.80712046682847
63.867821814321246
29.191350006461477
0.9644514341543982
-33.97887288469778
59.025339517971304
3.80716372329708
45.22721191071014
77.55148585587591
-85.97418753372348
-32.51013279922384
3.0487887033367826
3.29571683053112
63.76073899431867
-92.496777026555
-79.62220815985795
64.73290778901946
-48.23032963338576
-58.749743486074266
35.25257167181795
-6.9802050731609455
-64.18991953233083
-82.24927686684676
54.35932653928663
-18.65117261086573
94.42729310201094
-61.075466394744346
-27.643663068471298
99.4746218092265
23.527852493526538
-15.888631074488188
-64.78252237556335
-14.661520216611692
83.32579485980892
-93.34698156306686
97.39563809468993
53.22829265029145
18.14258632471318
33.81198639039627
-19.953595743988757
-70.75623124390475
-93.374667319057
39.6937845857407
-89.29709047999283
-42.34093036334983
-68.83369292845282
63.83447341200994
-73.3180274928618
38.6014396690486
-21.06718228378348
6.693690711630509
48.72236787569014
-88.57162913001837
-34.95902232464931
-14.828140114600615
95.66997931643678
-68.22628365104164
62.39643828795033
84.26639417576985
72.55094168256124
54.18679392634115
-22.264678406091164
46.858793012991526
30.329737490361424
66.65312187149291
75.26769780596976
-78.82978217533997
0.14660510657111558
-56.522916483959776
76.3505327115061
-6.311378941080804
18.51079992381537
68.17924278844168
29.5669254402965
99.61423584648622
-62.65065319363137
19.631657177878566
-78.87274567641359
33.46811440518016
3.7613386265687296
-41.27593553309905
25.10917966434573
2.5675186648935124
80.83746534453945
25.508328948768934
9.426793504774707
-78.51848946736648
-80.81987134107709
-88.06055669920114
80.93473074050058
1.0042169298459953
24.01107833780985
-53.68436160267318
16.240908608892795
-17.00940442356
-28.354293032269112
-7.899408580955452
51.8497884576914
-2.301132120407459
-7.071646720024049
-28.78004662987172
-4.965683432273011
-35.45305624086413
-4.7437913745965545
19.514463166486436
82.09111073996269
21.225694939306038
-3.9634237853671834
-57.442020208754194
23.901518587644716
88.55099822861916
4.615764353115637
-4.691837374679707
66.53149615483647
-45.39321107729985
36.41897984221495
81.55465588897738
-43.63795386058822
46.33694955263525
-26.16121010626881
96.05013626418136
-38.676382811340005
0.2891107761273588
-15.017522985803524
89.21348348827087
19.15162819046239
-49.16210102421752
-54.70922413111114
18.256565870699944
40.70427204472489
-87.6973098721983
-54.14427984898573
89.9456827629165
35.16972152068186
49.30478946034057
-57.71391336705112
-67.2916034738565
67.89340662749069
-38.84794388767787
76.11184951223385
46.57889823043607
57.83171406346594
35.71630645218576
-84.44529829021717
-82.37457417752552
-92.1353380473233
-45.80193278004112
-46.060280410500475
-65.90977544354607
19.941968288925978
9.899147304541216
72.64912188588104
3.18933579693325
63.30058005562674
-22.132876992173166
-64.7809180989615
89.05513679802829
43.587763426977034
-24.039754335117223
-4.506370536311707
19.17335653804308
-30.128456550485964
44.895273232919095
33.09963502357064
55.79353468308079
-17.831757011827094
41.752228528326015
-75.00496426697828
-20.787989565951918
46.01954752392447
6.857850493156377
-2.4444971948803556
82.20580234436929
41.98307770415482
-5.540534028116582
-29.536694284959438
37.5250001225246
0.13971024868088477
-15.645089183072884
-54.44183727256229
13.815612439913266
44.993814085979665
-12.01980181177818
-2.2911350743757737
-68.44725414083175
-80.77396567628723
46.25196272648199
77.52357515794304
-71.18937036128763
-58.05181084035303
86.51551573806196
63.43598135987267
1.7982083830698485
-77.60785862382875
71.93846652592094
-54.03568769704119
74.54805053460183
-78.55519310470942
55.54275077025187
33.00237849918034
-49.86559751182218
21.057951347857966
73.80237564539314
88.59394600580924
-13.870134302769884
49.32762769782323
73.98299009545781
-42.02307137254206
-25.361086427288
-80.0782089103304
-95.71987155566244
12.159221415825016
85.34771454504079
-12.494091520419957
44.79797028504379
-40.87673448594617
-82.04099778674492
-35.24924083377449
-18.92821399837861
88.39102350225733
-42.014256929252156
-76.9870770756685
21.45793801108671
-53.18080992848233
26.365273372988796
-21.0663385352658
-14.395657715258608
-80.36053815793352
-42.86370873248857
-21.50510689349339
58.22401563495643
-45.37141023275837
-70.58235654588017
93.50086065697823
61.92189626181698
84.23716852623039
14.338291243645031
-51.637132561445775
-52.06622379800119
97.8039674727832
-32.06112049957291
-79.51281979682409
43.293046843420086
14.581089949270208
56.71916792216231
-10.45232773669973
48.96694469114638
-23.310181218248033
-0.7488353908508429
-63.06129626207686
-75.29882148894896
-96.74466692844854
20.50142457961661
-63.29964376015842
61.19204456042175
-15.759726727166196
66.22267605942486
55.35841889772749
38.45883542836165
-91.37498099967982
56.65514114958859
79.49766263837455
-7.9021311047059015
83.58824727661462
-29.471910822326763
-63.13939220633473
-49.90481490516916
48.936496966763
-24.32178517653378
92.41179816140149
57.38295878646801
-62.85070853946093
-88.57538398739895
8.485748748108051
-58.77094673538694
-12.654081889790803
86.76729301610916
90.21294000333287
-54.902057033007125
-29.862820464861244
36.33809271816742
92.02390440151115
78.39205937551529
37.052674319125174
37.070382230957875
4.0793675446881394
79.7602417460597
-62.11174304311775
-43.590318913655615
10.513484073579775
-26.180122145891048
-56.500282813585855
78.88757643665622
72.86990095662506
0.8052898917041489
-92.34160721141194
-46.89554706441472
-43.29359891933922
-89.03836848828983
-39.98622980822007
98.95314390752966
56.99130825270606
50.58197364420596
71.83910861533363
-20.226475857527305
-87.60733920649852
-11.302455792987658
-0.7045340057310483
3.156155143945554
-94.6758932209041
-88.77065724289844
94.73291874952275
-34.60252691708038
-13.703527719817203
74.57168751546612
-91.04189468068091
86.40075611929271
-25.62915931513075
64.03079219674004
28.101702270090726
-27.192008945125167
45.105931381448215
-3.470592959828565
-51.48542458218479
66.07791992741707
-76.95472696956647
-84.87348606754847
93.4309543304868
-35.09467673178024
-58.97179145447786
68.60838255718619
-12.149917464302789
29.49588077376913
-83.68130605595192
79.43077258554035
-67.91872983218701
-56.65928435096008
92.68997257818262
10.412084359180767
-18.762852838117297
12.993564842296905
-14.524354072792377
-62.21646275442947
-30.088602086391347
86.17813538755186
-66.63025702400597
28.605019049986396
59.195261743275125
35.22299263186608
3.747835191450548
-15.35799794054607
9.213290655171804
-38.58352964318077
-75.60344660332872
-10.920916272623543
-96.92090701343916
-16.301247856828624
-81.87477882342125
98.52959480462161
29.757212128364756
-35.97768782814062
78.03688162865123
-55.608493470821955
77.26538870202765
71.93046845493117
60.794282970583055
82.45471246807475
19.55023003864757
71.27257324556547
-27.04675916139942
25.693733158662056
81.06748320289873
89.62749078922582
-50.716180486930696
75.08775538873013
-93.87841571776264
74.63834315965593
-34.534169511790054
-68.78295145503714
69.83389836573605
-40.02618206165496
12.991569655286384
-60.26148608352888
26.675979852838736
-50.26474406679564
24.490151550810353
86.19034840197753
-65.14177803314259
-45.94182627958645
-37.35183366326085
-38.873546640349566
81.27659928751723
33.31830952877846
-67.55940076367324
2.309678545465374
86.807557636887
30.90758773128863
-85.36273147455924
33.99149638663147
-14.310995825028911
96.04765562474964
7.936250937662663
33.707471603357504
-60.194523508364185
-59.05118611459854
7.969895528898192
-76.98711073028241
80.45280174553608
-29.31469767381654
-8.629977210615777
49.95932220309081
97.48493131256299
-2.3253148437589743
-15.379950463932673
85.04741662671984
-47.72421762352557
-82.33041237923071
86.6930593269307
-68.70376115575165
-44.301704823613285
-39.501610617674054
73.83041723050636
25.621523125688043
23.176609614436686
-34.70580912946582
63.34714088533215
97.47010279362127
-21.994393944907188
64.63122742737411
-75.08449723392563
34.81910112015893
55.91523197956468
-35.821342675121315
-44.0705459727256
-20.410605730183875
38.21905691818577
21.54408297899215
-51.08022394742382
7.222637983039618
-27.992786997439538
55.65506124551874
-58.61835396558184
77.13973806974113
9.746867137459418
8.038467018447506
69.9350346568906
1.14081997919115
-10.205585604203591
77.53161070984689
-72.3297006311834
76.12616950895196
19.761777653294004
88.02102141747369
-92.08519044816713
-2.711253849087342
-53.62886982856567
15.853887005968232
65.86429645269232
-46.9286280937284
51.630936855656785
-6.450128093711328
-4.047148305844075
3.329928765393859
-18.022586581459834
16.985579601564083
-49.73034566874479
-34.17637244168978
-54.89257658857083
-26.29274986720995
69.88341915449556
91.01147292140573
94.40122361131748
82.30376850676006
49.97099902130765
31.19351664370575
-52.871537928887214
92.52177665315665
59.012882784034815
-4.210872506132375
72.31814309170511
23.448067654303912
-39.28871014291244
-86.97292783604816
17.698258225682423
24.833515466304306
88.84256439211603
44.809971802345814
12.513208597565722
-11.466824499968723
-90.42384944054672
60.44567286095483
29.394595913486427
97.27917673701756
-33.70236254004783
-37.40730248944821
-73.4917577814012
61.020866188486565
16.110209952361856
65.38922337050764
83.50005656241464
-66.52117558293091
50.966987053464294
66.11610322944799
81.96972743386829
-73.59787934738918
-7.691870291201752
23.486673910786095
1.7372363911807014
-36.914448359304465
70.76555645955668
82.59178275797404
91.12141618123525
-54.26808386360833
99.90121197586078
48.62638692098443
25.390304921705265
33.38341003915767
5.060380004041448
69.82601962627604
58.00770668152177
13.91285142803713
93.32103800235603
89.79796878432305
-69.70536071146869
97.56316940682808
-81.44659461119232
-65.14223732586461
-53.8943579595651
-66.80035102308366
0.6780944774491076
-95.39439079309726
-88.8850478547446
-68.20879636983639
-65.16078355676925
12.338735074443562
40.80961913860622
-44.48222338042272
-16.97610212087828
77.21468157445719
32.168274748067034
25.714985712168996
-36.866788651989665
-66.66042916666495
-45.33417085113434
-43.361821099121215
64.042332309199
82.6137391647975
58.599657463635566
-30.380235982679693
77.48240874160498
-36.427874993938005
69.66655886039948
90.45015710302192
-16.60847788678052
29.50515143404752
13.83226056450934
-6.1473062500243145
-84.02860749964589
64.34517501951467
64.10713925853489
94.61939210970863
51.45213053086209
72.24505855330531
-69.5280266391598
-91.33397364379785
70.50195104139854
2.3034739034360143
-45.67814085894648
-62.71562165178439
-54.96015421731029
52.7732694532485
-95.14093315844133
18.687792159141154
44.32929478607036
49.468706951593305
3.9818797003460418
-85.55732129528558
-83.27451187750295
-68.8700355227131
39.038974639656544
-41.6218040819931
-51.278924651677386
10.773402042368275
-32.070068715852074
66.77897715092556
95.57008158863763
99.0669396282342
-16.396740480586743
-41.77718292451118
14.004375636658239
-34.63158481287651
52.99733730196036
16.501455568064088
31.022175024013478
-86.94352456772208
-59.335290335392465
-21.524845104125532
-93.76394302510033
-18.41137577221059
-86.57240147231565
-29.660904792456193
-0.08639743831810165
54.399383197066214
92.26203621622295
-22.137289428303532
27.892624663136928
94.18166301840049
-49.14369265600356
82.81018701491911
-46.55753886126601
-43.94023108601315
4.307933666455014
99.58370569305771
-88.46732658624367
-65.29791278495372
7.34206937233273
-8.880984943959035
36.340959530684756
69.50862693090369
46.890557831465
39.71889290752924
-76.8847887189648
-27.18088491117736
-46.480437086089665
91.45851276532852
26.37057924614146
32.93278796220886
97.25424693489398
-79.47631154821909
62.58992129523929
30.0142048887775
31.37655229618659
-20.87844832377806
52.36707317017263
70.72401386099418
-83.64853844475849
-81.29594999174275
30.69262546613163
-21.5126560507654
-18.32381755568025
25.01711091701604
-19.263146930610176
66.57147668329827
77.2777912625223
-73.84749977605544
21.712217254597263
-29.72418020803258
43.714107883094044
20.655489290775336
37.873958785838454
56.3529638171002
7.981299553325499
-7.450045556219507
-3.2696471925848414
-74.29615292782225
-5.401404371236126
-47.413461803778766
19.88760828401115
-68.19373552730175
12.548190449259721
10.766342153969546
-7.509723690697115
50.08149259152037
88.3361041119239
-42.601808381703044
-47.01552334189745
10.780226596501024
32.55812240914145
-2.743155062825295
-73.34862218673649
-65.09666155711673
-83.0580455518015
-17.3842122074078
-28.4709771484748
-86.26827266853462
-10.848887547635556
65.75554913840992
54.51386086107871
19.321714889656775
89.21468647382193
84.51424103548709
78.42627226054847
-45.28140357648931
-9.66473078283343
29.296051724467475
-16.077123468613962
-46.14944122358817
-44.05484498306167
80.14714936485956
50.98856815312024
16.971498186388146
75.90081013006457
-93.68000932137366
-17.768385738180243
97.52204540516311
-26.202993337218587
62.441781885727835
-62.9020891104294
69.73594339788752
-89.06849460474804
56.33933788149136
1.8349791846989234
4.0080941476853695
-99.3923568736179
-70.3734990258964
16.037325504592587
-51.7151414388539
-66.72301095008925
49.49871393144571
92.99547842597417
18.39808829652982
52.91976207676768
-23.221103238496227
56.79656900673652
-1.6705223480435194
25.22765468200933
-15.704049166905733
74.82929099152494
-48.69518754642215
-0.20986196199588392
28.970717837380818
70.60055038592884
-46.30018767314801
80.97570263371423
38.119641222170344
85.0982921679987
48.801246180618875
-84.13434175209471
-23.307662022186634
-99.49088611266383
-25.519756773626696
70.81850345084612
14.984006739387866
10.30144813720814
-59.312579537564616
-25.893653722391477
-78.71453277666991
-63.392737626716624
-34.00120761147272
-31.1543847983248
-18.01548555179788
-7.850029138627534
-65.09223111137777
-27.400961732914936
64.01914917273038
27.787666085417513
-62.76464927119068
-92.96086158187613
95.31949126129672
-63.166812401992956
-73.85017594692115
-59.69221205765467
-1.3901764991238252
3.726472697939272
-19.97315363333776
-39.89983843090516
-49.010109330649684
-65.38698003534154
-96.5233678034074
71.9803908711338
-98.49910431493223
-60.85474862666855
-17.80223014803377
15.239909663019333
67.47046322926312
90.43353251716204
28.704862668473112
-61.00098281418329
-49.75818436939876
99.55882527020111
18.531004158783773
70.94086266060575
-12.692276514528714
7.581161810161618
-81.1114273982315
-55.29523076928964
12.357115123786784
65.44004241033704
30.70287907829811
-3.417396065014316
79.4729675346114
79.07969911501846
99.58125606532204
6.224030321315112
44.9318113299893
82.21170046335706
-32.73373103689259
61.38294658124778
-9.52340738217643
94.74214313826826
-25.426418004473177
53.578213218214785
28.47503891585589
22.684708729961287
-15.495996477015495
-74.15451405104052
-65.74405526762524
46.71311394728977
-18.735766450464197
-32.83033593341307
86.21733389252074
70.6427607203446
-38.70256342020226
-96.53066619174777
12.12499999666636
-83.09565188372034
71.74776602338886
-81.35966561005101
-85.8245799936598
-51.38655333549129
-20.196785861155092
-59.72522169549013
-63.457825573929426
26.088099927059034
-8.217669423419267
-27.134721129162727
-3.3499514142968394
-70.65657182188676
-82.3120782384373
28.574463041573807
-63.56311201742449
-52.630527114896644
-12.553800472458349
63.82777411032606
73.45202571658928
-96.1041070203851
81.48655332323779
-65.16959946053322
6.5282477683600035
-48.043803073734125
33.40920746565473
-11.010305458107595
42.74668582045706
-68.75843776781652
-4.968142657813445
-95.90716008455755
-12.973323257794547
80.36818331806498
-90.36236260261722
-92.79753113926861
88.03721580393616
3.5588126349809244
49.6587823841092
32.9878640334216
-96.78574431948148
80.77328800077834
-15.47833083572641
-96.92857303989386
-16.36021126287781
44.76946883503902
-7.186579223051908
75.65905504181436
83.90845850671377
-32.9416604705483
62.522861064040455
33.2951042330653
-34.4344850972045
-54.52626846548117
6.419434805707297
-35.51935902133381
-24.84068567990994
42.4092111361864
90.50729799060846
95.54843166741037
-70.46921200577842
-70.86743639776276
25.087432498630122
53.06375698066776
-78.25268839511969
-22.92140408115324
-95.26076579274434
55.39931374801711
63.905326600113824
46.25330776591329
22.302525755094777
79.7166066420343
-27.968439362552957
-51.06201112512936
-81.44652091743197
40.22091861188349
-37.62164291047867
44.46973269776328
73.03660402561124
-65.5451343270872
85.75284743920156
-68.9593371695308
69.43772687859988
-6.035832892354335
-5.440691865542348
76.46173211257818
-61.89365405974907
-5.034099872996549
-71.34122677203374
-78.21925084238404
13.49023290386873
-96.73847187399198
47.374008801166326
99.47320089173303
67.75594213814202
74.7224900712412
60.912187818269985
74.50270675541296
-54.87596399082406
42.23793959389553
72.59773962761585
72.85888032955995
32.8721899529036
-78.56343350924313
-27.672873646434155
-41.69073316156706
20.99665394344001
96.78098637607195
75.3651260940259
-48.514285633262546
3.9401150002625513
70.18175025681657
-38.00627956888902
-9.391063540976091
77.9520706249888
12.711444587980921
-71.58879464187734
-39.297149523678975
79.53253846864533
30.378063523553863
4.899515147417532
-28.182097938289942
51.8873020448801
61.460302872782535
-84.00478610522208
-97.59161403497262
42.07122877564825
73.50221198659105
-18.829744200019633
-0.16158629456155893
67.85140619417456
57.214269816050376
27.59164534588072
58.655915414770504
-55.26413639746812
37.12539512029247
-33.26627383212251
-95.00898948626175
48.07840991979697
-59.37529762615239
-0.23986733495374324
-33.32766577254107
6.943815402488497
38.86369033468182
-78.93734260316933
-86.81961907847666
95.22496987494705
71.86542601990499
-80.378021341397
-45.07614106749651
77.34009695205103
76.13897370702466
19.88647498769845
-31.555925220196187
86.96855001546652
-83.80070074708283
14.96622820419482
82.84959857339206
14.504939764901124
-83.86086314403241
-58.31750046987758
41.90804811124883
-79.324508549912
-9.103017038166001
77.86863154199389
83.48227395104763
-0.9625085049021891
-61.96729592540502
-99.73335591203096
-67.51468256489935
67.34982248435466
0.9487205297049002
-77.99616798630746
0.732237218651207
21.50588507160917
65.2270208968028
-23.095744387524817
10.774249352748996
-15.533746074598938
9.735241394243872
-45.50131606279679
-24.385187346374337
48.115636807718744
16.649354820592137
-36.43874408053889
-4.265863321078541
-83.00182370044385
-32.26343462833819
-42.70964473650343
73.22159670072199
48.341481502526364
-13.063959879990762
-8.36690759803433
81.92404448852841
-13.560486514245753
62.01651940167781
-23.89484710542196
87.79463232513493
24.092670985641675
-66.91099324728796
53.56182141215032
-82.61803517510225
38.18993898842055
3.658899246753492
7.450086996800735
55.16509026897427
90.0824131439717
83.32742426089251
95.99534035650689
76.72965800393641
-62.02788438324065
-59.00133184918121
59.26748194498239
-28.168708564544758
-4.722159632604644
-8.850409136212292
6.673677627729148
-41.1192728051059
55.66813294947613
-55.445541663048004
35.47291547022604
-35.44191220773038
75.88912482427
-35.94335449788713
67.55092156649852
-81.61991229067715
-86.51615633493215
-68.52361548292137
42.267055805358325
75.66353890073344
52.66277860654856
-3.006680012934453
75.9621712079865
81.38127681518691
-69.13123424119077
-41.886665805561265
50.637815624386604
-56.73378022931108
26.42388187918661
51.08845608306953
-40.95415546543464
52.8196021532122
24.844744591294273
32.733103848934945
41.38748544802132
36.39284654120627
-94.5285986153698
-67.04577222446795
-78.39405253498603
92.77793000151357
11.891341356129573
-60.53074856876843
25.73044575180208
93.36067742481345
-5.264056713512176
-56.67891361300968
-77.65655935242306
-71.51345462940549
63.947471040408516
-67.74555500472535
-42.03480558351824
87.23348520151683
-96.08997748748216
47.10471340383165
-46.090322666996265
67.507183934681
23.082345404459332
-36.29674711986013
-44.34899451466141
-44.373988705692604
69.53115364956417
32.20161577821605
-31.216134032907064
-79.68076059430138
-2.0563782265540027
-85.87740215620497
49.137275323359034
71.67186214514888
-30.973716155168816
1.0297917921738673
83.34908108704738
-51.67101123209259
-82.75279713202157
36.64084557859667
67.21107014089839
99.44589977731476
-79.11674021013653
-75.8205239354092
-26.863166553697553
-42.01392526670944
-40.99345501210598
-2.4101910196626193
-48.66622481809291
35.891741906723695
-34.18553062963434
31.222065229488777
-70.50106205385347
97.63415391960288
-62.82126567432815
70.11008433686021
-29.260542968899017
84.69703530235967
-30.423008159713902
-64.79427986236638
77.07735981065375
12.416515056981353
60.04885057535006
73.81236217513015
86.74841386214806
39.89844813181554
20.507148712148137
-83.77556241756257
-84.98149202930594
-73.23313520787214
3.2313982170512787
94.52854860199591
10.746252836060279
14.26042795167865
-62.42331395500127
-13.675066769497619
66.61855339859594
-3.807540168980708
-30.281604435515447
-6.232863215742896
24.94955804549639
-63.16763255155371
-54.579342503842796
-93.61008909871519
76.14253588767585
-53.18732129975447
-89.63934982363932
21.118419350984666
-17.51742263379701
18.2987152791452
-47.73565766340373
-4.49904748935073
29.99244602822202
73.50384797533158
-49.38597743969082
36.49318104785414
-19.896996611762162
-28.761972143991258
-21.806220759565136
13.214816711151173
18.668606330871825
-76.7537648196238
59.58158073792967
0.5615308033579964
35.85256008668952
70.28559329345867
-13.443127584736828
23.01141264037537
54.3177214341363
93.73616266912026
59.96702713847938
73.91402492032
38.09254429864697
-49.20949314296015
-14.838606612997452
-47.73559305215258
-95.98804389742558
81.00526025247808
53.86659086142956
76.46850892704043
-14.693537634741574
-56.91495305898595
-45.64870415829019
-76.17348663741808
-45.28819772759378
68.62370402279774
-58.43822035681687
84.98798152493913
27.737336037382462
85.43647405771426
-31.09802713198748
-70.34360743764921
62.802763227672045
-46.20177755133095
46.31279822198542
60.372216906241704
60.96974222170098
-37.36603774458411
53.5568311843403
95.19281261701363
-43.626349460908486
99.43100135068707
72.9187516085959
-90.67220353667838
-70.73692348965244
-66.746158746953
17.160007841093034
-38.19464854624712
91.84901755667877
33.55749793223657
56.51966882440149
-36.04543601449204
27.38832971105856
-21.83553898668349
-23.81109380446165
-11.91559760138827
65.40470334159389
-83.12783646805835
2.31022277574138
25.82943033941399
-7.186417861542708
-46.90796702865243
97.11640414828125
-93.18192697051819
