-38.318989660100875
-81.37124013133128
-24.68972764632757
95.2939771519375
83.12669440913746
59.474145252978644
10.664253311536882
-52.40811898785742
39.35409352840756
-70.35316777511626
-38.44847687795545
-57.475692287812954
96.92688182778235
-55.33958261016541
5.905814959103935
-51.35024782863589
32.76679874360258
-88.8153471586154
13.809535101629166
-62.11005347186169
3.6072536445350494
-20.01787803955193
10.259749696011284
-84.84892682354241
-26.606080652563534
75.28908643576878
-48.37932868800154
-18.228060049446768
94.76342194777209
-46.87141446080596
-58.88083765763068
83.52922441681912
18.73240733958734
-22.609380344531303
15.005698670004634
-37.33616546659573
95.12134716711023
-14.132600703194157
-54.6424076368027
95.58827614490463
-18.993878903260224
83.99154159785306
51.03622532141404
39.86633077102084
-20.21725538580425
-3.758155373232384
-44.82080842178811
-74.25818672011741
-60.610056222400566
-79.42537131306008
