-38.235898468406894
60.18757946739285
-43.61721675327055
54.51320321521246
-68.80673902973287
58.078694325270874
-37.319367774892775
73.14951681309066
-66.18002248874524
-85.4128699729668
-39.64566898955042
77.30818476799806
88.3521369136636
-24.570486175781255
71.8080702027772
-48.61745957379484
2.382786338159491
96.62111084952221
58.56247263984298
-50.78695789474234
-94.65409133244964
-31.83622486997433
-94.27807548096614
48.03747364954515
52.509964671616814
-29.660094956239647
40.31034926985848
-37.9524166239503
-87.75216422292651
-92.93476916685954
-47.67554706149022
-98.46149261064458
-56.993774939380714
-0.08817359184803308
37.618707462403194
51.876458255796706
-84.38425969522916
34.93566312890678
-77.50999056115703
93.97993689100329
-25.68739515950938
5.559339571943809
22.382438349645767
-75.39517761249925
18.427813917611928
0.8355309243794693
-56.30989776614423
-17.503060918739394
80.11692366367703
96.65830089505809
22.541085675811416
42.084759445096836
55.664302641467145
33.5381700674867
-28.307942490053577
8.337926846907678
84.06977479203013
56.859435210327405
-11.02006805772109
40.35932759899009
64.93289084271808
-88.29524469795966
30.897635140190886
36.739917948946015
71.59675079463531
-29.897297295064206
-36.914910311941604
-18.908403260796902
-38.66319994689027
51.03694446778758
-41.12749124130772
-23.037493521510527
49.76505983420353
52.0651019667948
90.92985616734171
-59.71794510692976
-79.65903838355068
18.44490918365176
-14.721195382599817
23.794773078824164
24.245225513703133
3.5978000504373426
-91.15947198469416
-16.06178831550251
-16.256620439157587
10.905849934236272
45.9139003375291
-31.12808101207554
-63.43061362827407
76.80172666857914
54.00327095070767
45.15917105700032
38.056441089398845
-49.59683010502904
-18.53080888137748
-60.92155536569206
99.73271485455055
-50.22116206385914
-68.2334382799774
48.21273268331694
-22.88141118161448
-12.542279603594551
13.462216414016396
19.58381515233549
-69.83012877015922
-16.07059274186969
37.66066011878013
-98.2405765556712
-91.46761735392823
2.706350055503364
77.3204477096229
81.46257952435252
-51.35998600843828
63.180491213740396
18.85469937146749
62.97231299053939
62.987066493324164
73.88267115507514
-4.0507614050041525
-93.16623801339678
-22.666037231453444
40.56082337377899
39.17956481177504
-21.63991598083463
94.58533233598047
-15.458331313542814
-15.424777119780103
-40.616434254654756
-9.370630118269645
-10.924139138372695
-52.695179401313055
-22.759366466824176
-32.20095404668821
60.25966658484731
81.65390878337811
-44.971899684476746
75.11645338508492
80.3661456359495
-62.09116552004301
28.084941043794743
-96.92881431064042
99.54616982653243
-53.72652198852488
-9.557294096811162
56.85612378911199
-61.07821425415787
-25.691340241803218
84.11114026177998
94.63891425466011
-83.4426653598225
54.888235184169645
68.71287991552515
99.96231337422944
54.12695583779896
6.94578963168091
77.06924035199782
74.69713496447469
-50.995496500086766
59.69043395091194
18.614551514389063
-16.513864100500683
96.11944639334456
-95.92704767007527
-43.445410072193184
68.87962335267619
-37.99768276318234
10.598600101628875
15.062224906145133
-90.96242898079527
31.143620193357776
-12.083217840887087
82.48366551591604
51.19003185922989
-0.20518552958480996
-20.656571889228914
1.2653039140322164
30.483290227679078
64.54562550149728
-95.74270589647722
-70.71006548817213
24.98438284213367
51.52068296238008
-36.83738729587884
14.530156361548379
-48.18583387480611
-38.009758440039775
-3.1531602243441483
-36.880643972755344
48.01375581058076
9.2384471595565
-57.73863988360781
17.72807074950026
-62.14413652262565
48.4060824960373
30.941519061514867
51.283430700057124
-93.98466921104622
-93.14294423841123
-83.42742266251989
-14.88449421625171
35.5049036383534
-32.5735604863586
-74.87899651269939
3.777299326438154
-2.3530171169959573
-84.46894417393449
-68.4499202810384
89.62180943817592
20.74696992959555
-8.520784396777813
-21.219165863935302
15.780949499933968
-48.045752020950246
-51.841565929765274
-57.27189018255394
-59.49084624097103
-55.42842485703237
-66.28447204956834
29.608660338013408
84.14722031726868
74.84068744129402
26.517686281633317
81.81513199074524
-13.74543358490807
0.3544974750723071
-42.83373955145282
54.13903876262768
-63.724262903065124
-98.20808796807334
-53.15612564470684
2.714866589718582
24.4112514393767
62.56391876337153
-24.598346120008813
-8.498967601925742
-50.9841990596124
-98.11251373375592
68.32792300516772
-60.22610159333628
-34.01133911457204
11.974648705728839
-20.89170510127971
73.92709734155795
-7.936049744016344
-1.7237692205854813
-69.27706415978318
25.80931206063343
75.7066103178521
44.91522614724522
-3.7555079107012546
-75.46298164640284
-46.939638392580974
-80.22396581387878
-57.43020082914783
-64.68729797507828
65.69478390530011
45.2462064681219
0.9474786553866039
11.826559303229445
74.94044736440367
48.49606542457599
90.68143056389101
-96.76909177081339
59.18740970004609
16.533485164341258
4.492954233187632
68.847654628506
-91.60159490017897
81.88756975376751
58.349477415924724
37.4884598893814
-28.57315346966935
-64.16356525499694
-85.0555269307924
-37.81275494546949
41.264443440267996
34.927245556697784
35.044380413024214
-98.71753946133764
-28.77560915927168
58.907036173305585
-52.584636206295635
-92.95941875853782
95.5461390207295
-22.62902401897189
19.474091507879237
15.472910837440153
-12.812410386861714
-1.0125431642514968
26.73250209753033
68.75388676091094
41.37927998899323
46.973302850608434
60.75062435595419
-10.263621427574222
-45.55446195212913
40.64261610505437
4.792277971944813
31.85362722379236
-27.13401125758878
46.1189781054656
-77.05777533638889
65.217455109945
-74.23777842378605
26.05146014353032
40.00696963237294
-57.56188975090426
76.58351151965832
93.55917537400765
47.80959400764405
64.38204338043954
-20.920933517107414
-63.86056393587503
28.52008470033269
-95.85790668840255
67.84335852413525
44.86962757330997
21.908233007739256
10.06039950501902
66.79303821228933
51.863475044572965
26.558602038707278
4.229740359805973
34.99812614073252
-85.86414707470887
14.255297723143883
99.2637045635878
-32.120279756136426
75.86790874244562
-86.6679038314279
32.754708803139835
-1.5797382582583737
-99.68562480165268
-10.65874684857964
37.30780186546792
69.53912654056788
-10.12044372320598
-28.418445675944383
-7.551870514194746
-82.60912513882383
98.71857721162633
90.11669410943844
-19.452857947413918
56.868667152305164
11.993256807603458
39.51919991120988
81.93384855328668
14.073071169943987
-87.63714849218229
-72.78580097133474
43.10541666921054
-48.12305170788278
45.162878998502435
-42.593047984318176
63.42395693164053
84.77574496679748
-70.70830097091093
-11.305916773174005
-46.44771144326349
-86.28889554974819
53.19676746452038
5.924278550605862
-76.6748027059186
-25.77936516481894
95.97486220146644
3.2572097215854257
-38.29013461527493
-93.46337144954957
-31.190971637230163
72.4212889428754
32.79155555949845
79.2229742315995
-82.10279882526524
74.72230461631926
-5.069759856929011
10.003846830157983
-91.82219186390988
87.33871826917405
-51.44225194176046
78.2811621779619
-35.3489235892408
-18.757524820351534
-47.25157835221967
-75.20806078572608
-53.794342982404196
-41.05512750629461
76.08798274044048
-71.19916561053452
35.62206762277603
86.84012953475582
-12.651283952606036
-24.1020647279784
-72.57714571136873
74.66216019289499
86.72330175268476
26.622003876015143
-12.155647027118846
8.063761647123613
40.29431565170819
10.996516181763624
75.98059540689229
-26.818862930087974
-95.26842048191608
-40.2006621169039
15.086399579964493
47.61104049215771
-48.101816705976866
22.53135754559341
97.44393477072896
19.042818275045747
-51.71619610982172
-28.04766670603634
-83.93522929481385
-21.774778956207925
60.13640097984367
-98.1206695665426
98.41656073633308
57.543143104665575
-50.89141565830524
-65.81245053457243
71.85023175818012
66.68875547975429
-19.902743303603216
13.93124872945539
63.37374745491255
-94.62503022695792
0.71348977917242
60.04880353542612
47.05637115082442
-44.12923711983583
99.35370724692629
67.12404816041456
-29.003891881436687
45.658849785160925
-7.185952093246058
-0.8374219140068675
-97.04375699806671
-4.978672156588445
64.94921905089154
25.477754589208473
49.85541138236786
-52.87041880313066
-94.27754630889483
33.05981831751302
1.09301547851463
-44.81381680689025
89.19160513335746
78.45645581230195
7.791730783330223
-86.90639661040562
79.77344680573404
52.05738195060954
-51.513371037639445
46.630008959085586
18.633792444679216
50.847201883867456
-22.38575657198905
-82.75019901825951
65.52556578478405
78.14635006425627
48.68339940948229
12.590511979002741
-94.36722359862652
46.2633337038676
-42.855614756663485
-31.325188809940713
58.652403304923325
87.46088203392029
32.65722035660869
19.29992735237083
33.55308749176595
-8.21986621671303
-25.322318935234108
-90.96970836743088
-67.45119277792693
-43.60837613406747
-32.72039649623065
93.36143934448623
-50.94570082526673
-56.26602727517116
-0.24049253222059974
-10.510344226253252
42.71100456650635
47.04954207588162
-33.10339891125551
57.65092596357255
30.68080885186498
86.5852043360319
84.58646032384806
9.368767631512554
73.53609046199034
45.00131801464255
92.3640284548986
66.78054902902608
-76.80737862606912
-33.79209477996487
59.227336972702716
62.24663306446635
-59.01074033619808
56.30702301125737
