72.53758197819349
84.74129472157162
-38.07849793652667
44.61359433139981
26.274203080219635
70.6796479947574
50.33894059783617
16.81707007891562
-25.679476917115565
67.07539078155449
94.63359661981582
67.96566026672213
47.326933596798284
-18.827461105915845
26.380826986056235
71.45385516767655
-45.0893162229278
41.89830758418836
-44.31463408202689
-53.208458072608146
70.67604315566072
27.92873827039986
69.27046774212192
-82.73100853234101
-44.42595415778064
51.585107575402105
6.697264346803806
-50.42789990635719
-92.9498231606861
74.36724061997108
-79.34685965034214
-49.527390475686595
47.363938542021145
43.16951239023649
51.134375104250154
64.05402540452098
-75.98973065542836
45.9877886400142
38.52445800692297
84.47364694521474
-95.16414995582292
44.41023625885691
13.277268898967137
-13.582286499017243
76.91514692761274
55.687578320003894
-0.12450672441843835
23.00917682183868
-35.384529024067945
-66.71461820798261
-36.13714039057945
13.574209566586177
66.50494865241276
54.52242057594816
-29.659006041395358
-99.8592861164418
78.02287492566501
21.59409671826735
-35.55222480831269
-22.068629884657966
89.7382676756728
-63.93169390645652
79.72447014628267
59.911105057246544
14.406505198249818
-60.179965253844856
98.65829395627696
-12.049837068187259
92.54010304257551
-45.06308085098032
65.53929221460047
-64.22744593872389
-88.45504790528464
-92.2353450839124
-47.121442016832745
-25.672857940792596
89.45283928765608
26.769061516143793
-83.80892993697717
-62.47110498902333
-43.91602584629752
43.42371812094481
28.35074517351461
87.52239961934526
-54.96529821181253
-14.56815925545689
-78.85494652397492
22.10014606190387
-86.51910472790982
-83.18603194356007
84.04172400004217
-3.161247150388945
1.4349920319090188
62.382234249137184
-51.22882970391298
-95.70070581891315
-98.68983482503452
89.74534788860953
-66.99703925742264
-80.3058470001321
-13.100682585075702
79.61344171196282
70.09520135477908
-22.461509808468065
43.936426841726615
41.48214528458274
52.485765538914706
44.91298823882937
44.963570318517384
34.20379020296264
66.1907573776989
-52.65766502683107
7.009923208577646
-76.39448022019077
7.5426716805230285
-67.66929743687864
57.884486831306816
9.430731909268928
-83.76693430983286
-32.47158554759643
41.54227638326921
-41.08439449711372
-21.531696640052587
25.7089640857709
4.909183364595464
79.77843833403301
46.96082746288744
71.81292790146904
99.69897155534647
-6.722190479701368
-48.6078402525397
-66.62121420894718
52.09878030724167
-93.51749020385603
-40.59487516013141
70.95823517742005
-70.01231435532202
-26.884150355769194
82.79533917563987
46.41109552452042
-98.82037127216361
23.530652407086876
74.17102638966759
96.53529688387488
84.66376732049113
-73.76269888087859
94.47369024113473
-75.37220989776915
-33.32009733116506
64.31052059418923
93.01270336885901
-21.662518328210226
-97.89981575003878
-6.494055298853965
88.65093236646516
18.304125094059984
6.541353064290007
67.13452804420666
-32.40441641612976
-45.85486645877344
-34.53566177194685
-30.65294555891657
-41.618653480091524
-26.631082648773855
26.1527531403531
-62.72202763341954
90.46025596010278
-60.7474057112716
-59.01709921468936
-48.11381150895559
98.80180920435276
63.163295902085395
-45.89963045691927
90.91866732883778
-69.56155067112857
80.47207412210656
38.94546557768808
97.85606226599091
33.39257071903913
-51.55618571402165
78.36596004629598
-84.61260407382841
37.03738039801948
4.9711986579081895
-41.83798476765672
-87.89960870721794
-19.820641447363613
39.25513515889298
-59.41033977827557
-21.099394161303948
69.78859343186582
-85.12290617522447
20.082726192923644
-4.331363993777273
18.319438348216252
-15.460279154949859
8.824794871241394
64.2315280574235
68.74774789725743
93.11573078040897
64.92537503205668
12.216756371957317
-47.998217762139994
-40.408459753104566
77.57685491627046
70.4285689807557
-45.217673836611596
-50.950705717377545
80.67548524520643
32.279540416646455
-30.20484031987374
59.41004334596721
31.602449641326473
-60.16363825987874
-61.29073792872668
4.796291897949416
-31.241526285383543
36.114869263003726
81.12907816458457
-27.11548231358165
-74.77178966073458
61.15919355125172
36.41169389501141
59.38967201088565
80.16078761431166
23.291414787599678
-50.52134737573035
-60.41575703024624
-45.419923391993144
-59.698845613611894
-29.876799608793192
-56.028993605917954
38.6348520270798
48.40553853177872
-40.98055090427464
-95.8027204202669
-18.37685547235013
-5.768623381874477
-61.95038244231108
-67.88236484815444
-2.3173520438461566
-5.834875150311049
-28.697432640127474
26.912542321017114
8.485825394115224
-52.78614334353069
54.24638024482468
-31.014842789162515
78.673348690896
-70.16525842876054
-20.347681480304985
95.8472834660877
56.20082258582079
-34.88100780849483
-91.88331637364672
11.61024754640438
95.51980749318986
-62.51822059487622
-9.172843180151304
85.79240989067728
-49.247321912195076
-57.895560722118674
-14.861567383711403
-78.63928495635659
-33.701666085419106
76.37146664668296
-94.36297063026802
-43.631327342199185
91.48072735637888
-43.15512316361016
81.99908418000024
1.929716809554975
65.54929210117515
24.443346538976357
84.69279909810069
-69.68529493835602
62.64613086315012
-33.42804191786742
-67.79558556400292
82.85800542294353
-42.91957041966717
1.232194701774361
90.66969445522369
-35.22909216102448
-68.8744954988284
-59.996177915660766
-14.48532404481955
-55.88991489780008
-76.87904182333374
36.77578231973632
-26.57737637487314
-4.9571024095601075
-9.132874925072002
90.64850992805054
86.66047996307086
-33.60965737645299
80.44470232636894
-20.577793948256
43.951564298411284
39.412033576294135
-53.346040870269086
99.02164954234834
46.516278833217
88.74182891476985
74.38173190431002
96.89274520773046
11.70476348614504
14.619179645578996
72.14126463706899
-24.009189102771145
68.62829591446291
-63.83430574744231
-62.25935383841321
12.042715441746992
-3.922079128419128
-4.385301581137128
-37.41949770242583
14.244614037401732
-9.56395685600286
90.48804779669649
30.30158620399314
44.61274490572501
-53.67527501884118
36.285754368459976
-85.66472204587292
88.53854244441024
-48.58848485891967
73.41432388681037
-4.853516202584558
69.58242719528425
49.093608283398
-98.27403715853566
-66.21985490471883
-9.027747402182769
58.87662057737478
14.831368742436382
59.237569766364174
94.291479537246
-34.701940256357574
-91.07893623017259
41.2926609577425
45.2570122902267
18.332101152673204
-45.688926077670835
31.81768737948667
56.71560539617522
82.97679377147574
17.66583110451569
99.38944120693938
-74.726289233668
-55.51944908199062
36.37474538019924
9.905488300693222
33.5566958677141
-57.76066472781738
-5.555618706407998
-45.39525178158399
-0.03713649639456662
-30.106068040121727
36.46366617433213
-77.77635643577479
-79.12326846315523
-14.647368355180589
-73.98613420524664
93.21411409760645
-89.95694653527705
-24.13961987211428
-90.0016786640279
88.4659729148166
-89.97019451725589
44.36840087732784
-90.63817126787264
72.84607175378267
-16.81947207929791
-94.7796657031128
62.37371336935371
-94.72799583165165
1.9013186971446459
94.19225128655324
-30.84935788148009
-75.41772446037898
53.31232071299746
20.691840841484876
-19.49902836746125
-41.08634438295056
23.81880914141948
-74.07658304457574
-0.07749909934382515
88.11776261918075
-30.28586055014864
-97.56498621658439
58.680343911673305
73.87339742967197
-74.70839456094811
11.82403121106745
-74.18923092459941
98.31931135292234
29.3327159057024
-7.703039465577461
41.85378408025301
-55.179974222116826
90.40354965621279
70.71644743180343
18.483169358874278
-75.05436911466998
3.8691048759267943
51.73054535145184
16.195014280802326
-80.87202548921098
96.77593019343357
58.86197563759205
-38.00798081657384
7.810296538020609
-6.639931412688881
-98.08275137867868
21.913578746447214
34.587149403796076
-73.80930701491849
5.954184956985301
71.04940763518314
33.90304986775794
-96.34750576151998
47.03442982423553
65.6025459167181
4.0314260900055245
-95.70806126873129
64.06671365510323
86.41467531342317
-50.38619733400582
-77.17375827809522
-93.55262395577877
83.82915980914981
44.2888154140704
-71.59993916454013
34.83768569256688
96.6618178074605
28.348546480498328
47.17443538240042
81.69523508513359
77.37360097446597
-62.65555712114117
89.99943202244319
38.49730198588958
-30.688248194332843
-19.412294297886845
48.29621636054421
85.8580869948631
4.054588808673913
92.41004799844191
70.79212370124688
84.67140070078096
-65.677879274091
-65.98646345716185
-37.34688936102963
96.50953869284177
22.78445634461859
-57.0004924476929
-14.344433778502605
-11.542210569174955
79.63998765260783
-60.81290551766034
-88.7402434375853
71.49079837463651
59.35886636487564
36.6532229376495
65.28640546664835
-41.65751516986875
33.58013260384686
-76.7847301167305
84.5587067341836
37.879097322527485
-4.590464416823764
53.724707574712625
-6.458673661973037
17.43323516748812
-77.84383091416063
2.2015539469036014
-78.81377564125088
61.494280611671996
86.90896029917843
-0.33680863028078534
-85.32844475576556
33.16476863364167
-15.748122786937046
19.96287954527969
68.1039023191779
7.636251614425163
74.51049271000193
15.82314141119761
-70.65602793627461
-75.24425551965157
54.94539397658184
-19.188421512300962
-16.001884097735243
-44.26638221008163
-60.99671137566085
-11.948705052340586
43.79962194843296
-38.59220176796405
6.620319557128113
-18.40568207708047
-49.243361245107195
-29.067611029566038
37.824029335112925
-85.19132309277578
-25.560869024696387
18.277427819421206
-23.595776885760245
59.906791275119446
49.58252456420263
53.00347196665169
-82.66622217786563
-46.833068830461386
3.6884581765891795
-81.82668041645964
75.0696934591443
-28.051389307724776
-68.68132035799397
48.9298786761816
60.42026414964633
-15.413228440671617
58.1864263455775
-39.89861736948201
-40.33640707759758
96.74422953782437
71.88802993590755
32.35468979322832
-98.25953935263347
59.111607542380625
58.69718726071602
-30.65394001707884
10.900125480316646
-30.572996251886764
-97.25329603091717
-8.65837376236307
-41.449915156132654
27.89066354485729
-26.289137422620158
52.79465309001529
-6.086902978488439
-96.98078104718495
-54.66869973103401
-39.018205757836746
-31.779283475196834
2.3254370065982926
-9.075822469799704
-76.56592153579662
47.26152653961441
43.45642490638605
-89.81734934009708
-41.1672084122314
86.97290200319068
-21.504795554946227
47.07962083457258
-59.23308679682167
50.369750167386854
-44.18462798294769
1.197314128876556
31.608658564524404
-84.43769834142176
10.181465230891362
-27.99240201814625
-64.25045416968959
25.53233227926495
-75.14385934125009
-42.77646464869176
-56.7080469791041
57.12859393475321
61.53618145829532
-57.17951809648723
59.91727682246918
-17.027157076765548
46.14608531068177
14.99829674453099
18.039143860280447
38.000288024241314
61.768810212013676
70.73083060310395
-47.47302786671008
-30.792890835427983
83.3746798235913
65.90800452947431
59.26496874271689
-16.38976252306321
89.68583008451145
-54.71285447501559
95.8564057928561
-15.462494464064775
-62.28669114683485
34.42541746272036
-81.88413529129667
43.35830703594726
-2.847464389103834
31.422995017102778
-71.08998076653184
20.47544300340809
11.728197257802321
21.42190722519402
98.27571923657612
-11.99555459932769
-37.012686655873296
98.82081330076338
89.80859162232963
-87.02263773316434
58.22294035988722
82.662837365574
-11.371145136123829
-28.673230773994447
74.00549559262691
81.7731342863353
-94.91656340559331
4.160172457037731
87.41588007439063
20.774976250416273
39.3065961515631
1.3070045112199864
-51.06922443265529
49.342237476084335
1.395341534672113
3.301720776073495
-0.5878088916216626
71.10735301414513
-4.464370642357181
-9.03561522022028
83.93531632005593
8.28837986573771
91.23720115999393
42.75664170180198
13.63675128368105
-44.045529952163044
-97.53617807786317
51.03084131826455
-55.15533042249021
-94.68840582208044
76.16180408264538
-69.05946945390258
60.857910085015874
-54.091371162135715
-89.6777482260334
-57.599143348548075
59.89462121510067
-71.88476795708227
97.35262441234005
93.88758889281866
-19.963758299014756
85.07384448179153
-92.52021603928398
-74.0522190570085
21.951024653933388
81.99008336201678
-62.63072769333202
-71.83696272226166
68.94817719135523
-31.92537490930573
68.47437599136214
75.24369242332534
-26.026634852347613
-28.093478424093973
83.50973114398496
-8.085352765545224
-9.827505569490725
-48.66605733136184
21.114068584751024
-47.42729644481252
48.72006264510571
53.039650822359164
-26.72536401708112
25.690597320190435
13.467945330096455
-58.61672811587755
17.234318619967382
-3.924917669725289
-51.91284262451281
-92.75600672093141
33.79744329940635
30.671315651642658
-32.400807357374845
64.7982783182562
-6.259488007395248
-75.13663659535908
98.67911467321207
-98.15590548671193
86.77816102840345
-54.181409467574504
23.009821902495034
-25.710043902776107
26.170517699879056
-40.864883517971194
-52.097002015768304
-18.293968129365368
11.037719718418188
16.314402880512247
15.288938923810619
78.89140980823112
-17.853470860048517
-9.733692210192714
-83.59115049339357
9.296941486840808
-57.28164234773638
-34.289937166832246
32.12667638955239
-1.5442892343489234
-89.89753535182643
63.659731824112185
35.65279281474142
-80.4451087923074
52.312486254019944
-52.9814228933823
59.388721802361374
-13.314951096192274
-92.42138218567486
-76.140547581359
99.37408355939209
66.71929394397273
28.08875690269568
34.845588324978166
-71.6416333160661
29.615182262768656
29.58677906101073
-49.7092625077318
3.158184957258925
18.166335399087984
4.532504016386781
-96.44937648425756
28.567195396914684
-5.00717637345187
67.65865119515803
9.670992083569388
-72.45394884640935
-30.934589079628424
55.931582013180105
-3.359343460850738
92.67798788645572
-8.291497781201642
51.14825373254607
-2.402045490501095
-88.90728142457236
64.0488176203485
-60.08390390671829
-53.25083638076469
-78.89002352647796
-21.67805815565052
-40.41653008035073
-44.5445895872016
36.21817407583893
18.841611011366766
-55.04692868672196
-35.78990559015722
72.10279970603969
-35.11273777961664
62.49720894169255
40.49585154206437
-89.8921347004749
68.70690198576307
-81.69042272412776
43.163449709966585
-75.44392299817564
0.8647083344370117
2.4436559915653078
-12.784536434109953
52.288827883022606
88.64898468499845
2.829369492631926
72.48188576836523
67.52884424011219
-1.262902688037542
38.94420143978735
66.12633535332782
-3.24802393981345
-88.12252335042356
-11.560811159216499
98.87114840426915
89.87407306094565
90.50144380445693
56.78434711589
60.67159997003216
-87.71626180621995
14.86723230835878
99.47406225929873
42.72575797302096
11.164694273043253
-38.025278983747036
30.56231742230443
-41.29708620112436
-60.80532803525402
-23.614752150872718
-83.19373726271277
-77.75025339420418
62.16524756102626
96.16584168339497
-22.17382381277031
-51.42352441226894
41.43721909311992
48.461978834951935
-68.10369003012799
-46.0046100680374
78.77064515994775
27.11390426456248
48.18001719812676
69.46190059035848
75.2217431436388
4.6236785280052715
-28.861860307985495
-36.7446994885851
99.71392290364068
38.00349252728577
-3.8545865413946103
3.231100180002258
-29.486708167597925
-29.6539182397955
2.653090025088673
-22.480169039704734
-30.2485412634435
-99.56958675729292
23.91487951395621
-28.813768196226675
-81.48175215752708
82.47036344116162
-84.46677908474686
-23.994390449051565
-69.51748128155006
-76.97790793022408
29.175456845011496
-88.16814695149483
84.80454414362427
18.89381402203898
-19.42387602305243
-81.40183954084755
-18.670173599501737
33.24702917953417
66.83822226024944
34.71844171903945
-85.5213936972722
43.125462512443676
-26.141299824291877
-54.97850696096131
48.334771306336876
-26.34010016593284
15.323718338662815
28.39760453825849
-73.18892557065884
42.95850607258237
-71.56729270463786
34.458551979904854
-5.058370338381877
75.57967311450403
-74.83080026258105
43.15667673256934
81.12603813536194
23.232655407214907
-19.541905079551086
-31.265597644440348
62.040184670840546
-61.596306377719465
74.56420164784424
-5.211836243601624
-3.339976705594097
-18.46004255541547
88.3586601141132
36.113906454447914
92.66763124166039
-13.794536240913175
-69.59269875958518
-60.792126130246494
-29.03865827810354
56.510977964896966
-41.47333989432309
-54.252481443585324
78.5262702163964
-86.49700860410752
27.49365393717278
4.048184031799607
51.784929407093614
17.852096836162602
87.53790762116677
58.561306012443424
93.20172960042987
16.80283624495334
-24.586658542412664
7.6793617473183104
77.02368567806019
35.00266721774625
22.38097525703921
63.34155157977165
-6.524239289264685
58.254066958887364
-48.02376045868557
93.10524675152286
-93.6843383820882
-48.86229704003608
-42.383188820304404
-64.54624309564738
78.41870027315278
3.614121236138331
2.7580814872124364
28.489635635345593
-20.440489941522898
68.79302799248845
-21.687115723251054
23.269551905072532
-77.7331154251958
15.046263211315477
66.57268073281784
92.88803018290184
-60.78236242500288
1.1930492055397366
-21.95910528517409
97.51501354578582
69.78061357409396
78.00957834836919
-86.702103599272
-14.009155344828585
21.802531362636728
-43.98054017675421
17.139423134467833
-87.14338581249402
12.980470839270524
-6.189363661286549
-98.10200686059586
25.20566204674519
-98.78538075704543
-36.20579716248125
70.04151710059332
93.33896899101254
26.19747464275089
45.618576407492725
-41.81923833515518
-5.861978078766626
35.02879023165113
54.44594580621899
18.023293712477
76.94063657321345
43.29886489713445
-18.793587077619094
35.215930504961506
16.828534526663816
-52.34841775799492
-85.98039381708134
21.663521990154493
19.612534229975225
-97.14018905818354
25.998125694707056
-29.38148277979103
54.74572008512149
31.236265877041234
70.01682312732976
-78.66045330558896
-26.608582029322307
82.93203498944337
-76.76937142474733
0.2998578452396288
-9.07241654801716
-60.113174460686025
38.590277438278065
-18.528869334306066
24.5170113413552
89.16510293963267
-38.75522417501078
93.47132625684998
-54.39869755885369
41.27259731931409
-28.687004505401646
-83.61288952970315
-84.80323661383724
-44.213789098041545
28.66217497962225
16.54764893692453
-84.95911590999083
-18.503148673274097
83.06132092613677
-90.01894843833205
-32.327451417425195
5.65623324063931
-24.660843138943036
69.90352164156042
-81.11038647883835
31.202737794854016
-56.493078941141015
67.98334064822541
-21.474932987554055
-57.39847268142064
23.412143577165963
63.79632273543112
27.826446269333175
-27.602994184446118
-55.64086287060728
51.10597652977523
78.68658620187009
81.37058409928542
33.77107717330239
36.56183517173557
4.160716357560375
6.844739457075605
-19.108071956101938
29.124285360401558
-58.68931593999711
80.8398409986795
-43.76253069835712
53.69017468313916
83.39240379221647
