-46.04256375705733
93.1323862975359
-58.58089730799128
-82.27261956097087
-93.34647768049953
77.20232873544225
76.48412620536124
-51.40854346792067
-82.8160113817284
-95.33105076924868
4.359233087022503
-32.563511270776544
47.592523498332326
32.91363570107501
-58.32750147056436
30.416160159292446
85.40608793694554
42.54016623314055
-51.2395673241399
-25.840779243330374
-19.229015523160015
89.17921395560364
60.54647277405846
-66.65114223166367
2.624628025355463
-52.15124327147884
-63.29304349087881
-76.67187088634427
30.415939135741752
37.29883092950112
-15.4214921314924
-44.5035580721169
19.573881874810525
-56.984707902643315
-95.78948217503427
-65.36348499372767
2.0704457219245
60.09064743062859
76.4929059724752
-3.7031123794793075
-65.29359547898235
81.45295790533115
-53.651871617515525
97.2373871680517
32.32454906123252
83.15914996159174
66.02038967678936
-48.98724955015439
92.49289852583101
75.9182036189984
-99.94433985192323
-28.85298832951038
49.726762722192234
61.329861656060615
-87.03675368667032
76.32586337351742
89.00204659060626
44.96955128227523
-56.25570703271925
-88.25944212083348
-18.929374611392518
65.6111610997136
65.69047517400548
-50.72872867762519
-83.98101906282618
-97.86940420455493
23.87481607845065
-41.1422121916257
-97.88964114125763
58.82257000882174
69.21934491843376
79.17181218638669
31.949979488866347
-55.33799265186157
-2.2198142324184573
-83.10861801180388
70.73988624578178
-69.65448126373232
32.906932375781224
-73.79511892863766
12.316892701373277
-67.85146768506256
-52.603411733519565
17.118828142361053
-27.270226786283274
-50.12277477432112
31.77603545497044
-9.33398903003095
-28.75161944533518
-5.62924427414157
-31.192802114514834
90.95663259475097
-70.55420040155099
-56.105683459310555
-93.97188923913194
-69.1664507663507
15.908507266036096
-84.320540308511
81.2429869363705
61.41049275994018
