5000
2500.0
1250.25
625.625
313.5625
157.78125
80.140625
41.5703125
22.53515625
13.267578125
8.8837890625
6.94189453125
10.82568359375
17.6513671875
15.45947265625
19.84326171875
20.84326171875
31.802734375
27.1689453125
25.10205078125
29.23583984375
30.23583984375
36.4365234375
34.11962890625
38.75341796875
39.75341796875
60.60546875
51.087890625
46.5791015625
44.57470703125
48.58349609375
49.58349609375
55.5966796875
53.34228515625
57.85107421875
58.85107421875
70.123046875
65.3642578125
63.23486328125
67.49365234375
68.49365234375
74.8818359375
72.50244140625
77.26123046875
78.26123046875
118.7109375
99.42578125
90.033203125
85.5869140625
83.61376953125
87.56005859375
94.4794921875
92.25634765625
96.70263671875
97.70263671875
108.818359375
104.1220703125
102.02392578125
106.22021484375
107.22021484375
113.5146484375
111.16650390625
115.86279296875
116.86279296875
137.99609375
128.353515625
123.7822265625
121.74658203125
125.81787109375
126.81787109375
132.9248046875
130.63916015625
135.21044921875
136.21044921875
147.638671875
142.8173828125
140.65673828125
144.97802734375
145.97802734375
152.4599609375
150.04931640625
154.87060546875
155.87060546875
235.421875
196.6015625
177.44140625
168.111328125
163.6962890625
161.73876953125
165.65380859375
172.5263671875
170.31884765625
174.73388671875
175.73388671875
186.771484375
182.1064453125
180.02392578125
184.18896484375
185.18896484375
191.4365234375
189.10400390625
193.76904296875
194.76904296875
215.76171875
206.181640625
201.6416015625
199.62158203125
203.66162109375
204.66162109375
210.7216796875
208.45166015625
212.99169921875
213.99169921875
225.341796875
220.5517578125
218.40673828125
222.69677734375
223.69677734375
230.1318359375
227.73681640625
232.52685546875
233.52685546875
274.2421875
254.83203125
245.376953125
240.8994140625
238.91064453125
242.88818359375
249.8544921875
247.61572265625
252.09326171875
253.09326171875
264.287109375
259.5595703125
257.44580078125
261.67333984375
262.67333984375
269.0146484375
266.65087890625
271.37841796875
272.37841796875
293.65234375
283.947265625
279.3447265625
277.29345703125
281.39599609375
282.39599609375
288.5498046875
286.24853515625
290.85107421875
291.85107421875
303.357421875
298.5048828125
296.32861328125
300.68115234375
301.68115234375
308.2099609375
305.78369140625
310.63623046875
311.63623046875
469.34375
391.453125
352.7578125
333.66015625
324.361328125
319.9619140625
318.01220703125
321.91162109375
328.7607421875
326.56103515625
330.96044921875
331.96044921875
342.958984375
338.3095703125
336.23486328125
340.38427734375
341.38427734375
347.6083984375
345.28369140625
349.93310546875
350.93310546875
371.85546875
362.306640625
357.7822265625
355.77001953125
359.79443359375
360.79443359375
366.8310546875
364.56884765625
369.09326171875
370.09326171875
381.404296875
376.6298828125
374.49267578125
378.76708984375
379.76708984375
386.1787109375
383.79150390625
388.56591796875
389.56591796875
430.1484375
410.80078125
401.376953125
396.9150390625
394.93408203125
398.89599609375
405.8388671875
403.60791015625
408.06982421875
409.06982421875
420.224609375
415.5126953125
413.40673828125
417.61865234375
418.61865234375
424.9365234375
422.58056640625
427.29248046875
428.29248046875
449.49609375
439.822265625
435.2353515625
433.19189453125
437.27880859375
438.27880859375
444.4091796875
442.11572265625
446.70263671875
447.70263671875
459.169921875
454.3330078125
452.16455078125
456.50146484375
457.50146484375
464.0068359375
461.58837890625
466.42529296875
467.42529296875
547.234375
508.2890625
489.06640625
479.705078125
475.2744140625
473.30908203125
477.23974609375
484.1357421875
481.92041015625
486.35107421875
487.35107421875
498.427734375
493.7470703125
491.65673828125
495.83740234375
496.83740234375
503.1083984375
500.76806640625
505.44873046875
506.44873046875
527.51171875
517.900390625
513.3447265625
511.31689453125
515.37255859375
516.37255859375
522.4560546875
520.17822265625
524.73388671875
525.73388671875
537.123046875
532.3173828125
530.16455078125
534.47021484375
535.47021484375
541.9287109375
539.52587890625
544.33154296875
545.33154296875
586.1796875
566.70703125
557.220703125
552.7275390625
550.73095703125
554.72412109375
561.7138671875
559.46728515625
563.96044921875
564.96044921875
576.193359375
571.4501953125
569.32861328125
573.57177734375
574.57177734375
580.9365234375
578.56494140625
583.30810546875
584.30810546875
605.65234375
595.916015625
591.2978515625
589.23876953125
593.35693359375
594.35693359375
600.5341796875
598.22509765625
602.84326171875
603.84326171875
615.388671875
610.5205078125
608.33642578125
612.70458984375
613.70458984375
620.2568359375
617.82275390625
622.69091796875
623.69091796875
937.6875
781.65625
703.890625
665.2578125
646.19140625
636.908203125
632.5166015625
630.57080078125
634.46240234375
641.2998046875
639.10400390625
643.49560546875
644.49560546875
655.474609375
650.8330078125
648.76220703125
652.90380859375
653.90380859375
660.1162109375
657.79541015625
662.43701171875
663.43701171875
684.32421875
674.791015625
670.2744140625
668.26611328125
672.28271484375
673.28271484375
679.3076171875
677.04931640625
681.56591796875
682.56591796875
693.857421875
689.0908203125
686.95751953125
691.22412109375
692.22412109375
698.6240234375
696.24072265625
701.00732421875
702.00732421875
742.5234375
723.20703125
713.798828125
709.3447265625
707.36767578125
711.32177734375
718.2529296875
716.02587890625
720.47998046875
721.47998046875
732.615234375
727.9111328125
725.80908203125
730.01318359375
731.01318359375
737.3193359375
734.96728515625
739.67138671875
740.67138671875
761.83984375
752.181640625
747.6025390625
745.56298828125
749.64208984375
750.64208984375
756.7607421875
754.47119140625
759.05029296875
760.05029296875
771.498046875
766.6689453125
764.50439453125
768.83349609375
769.83349609375
776.3271484375
773.91259765625
778.74169921875
779.74169921875
859.421875
820.5390625
801.34765625
792.001953125
787.5791015625
785.61767578125
789.54052734375
796.4248046875
794.21337890625
798.63623046875
799.63623046875
810.693359375
806.0205078125
803.93408203125
808.10693359375
809.10693359375
815.3662109375
813.02978515625
817.70263671875
818.70263671875
839.73046875
830.134765625
825.5869140625
823.56298828125
827.61083984375
828.61083984375
834.6826171875
832.40869140625
836.95654296875
837.95654296875
849.326171875
844.5283203125
842.37939453125
846.67724609375
847.67724609375
854.1240234375
851.72509765625
856.52294921875
857.52294921875
898.3046875
878.86328125
869.392578125
864.9072265625
862.91455078125
866.89990234375
873.8779296875
871.63525390625
876.12060546875
877.12060546875
888.333984375
883.5986328125
881.48095703125
885.71630859375
886.71630859375
893.0693359375
890.70166015625
895.43701171875
896.43701171875
917.74609375
908.025390625
903.4150390625
901.35986328125
905.47021484375
906.47021484375
912.6357421875
910.33056640625
914.94091796875
915.94091796875
927.466796875
922.6064453125
920.42626953125
924.78662109375
925.78662109375
932.3271484375
929.89697265625
934.75732421875
935.75732421875
1093.71875
1015.703125
976.9453125
957.81640625
948.501953125
944.0947265625
942.14111328125
946.04833984375
952.9091796875
950.70556640625
955.11279296875
956.11279296875
967.130859375
962.4736328125
960.39501953125
964.55224609375
965.55224609375
971.7880859375
969.45947265625
974.11669921875
975.11669921875
996.07421875
986.509765625
981.9775390625
979.96142578125
983.99365234375
984.99365234375
991.0419921875
988.77587890625
993.30810546875
994.30810546875
1005.638671875
1000.8564453125
998.71533203125
1002.99755859375
1003.99755859375
1010.4208984375
1008.02978515625
1012.81201171875
1013.81201171875
1054.4609375
1035.08203125
1025.642578125
1021.1728515625
1019.18798828125
1023.15771484375
1030.1123046875
1027.87744140625
1032.34716796875
1033.34716796875
1044.521484375
1039.8017578125
1037.69189453125
1041.91162109375
1042.91162109375
1049.2412109375
1046.88134765625
1051.60107421875
1052.60107421875
1073.83984375
1064.150390625
1059.5556640625
1057.50830078125
1061.60302734375
1062.60302734375
1068.7451171875
1066.44775390625
1071.04248046875
1072.04248046875
1083.529296875
1078.6845703125
1076.51220703125
1080.85693359375
1081.85693359375
1088.3740234375
1085.95166015625
1090.79638671875
1091.79638671875
1171.734375
1132.7265625
1113.47265625
1104.095703125
1099.6572265625
1097.68798828125
1101.62646484375
1108.5341796875
1106.31494140625
1110.75341796875
1111.75341796875
1122.849609375
1118.1611328125
1116.06689453125
1120.25537109375
1121.25537109375
1127.5380859375
1125.19384765625
1129.88232421875
1130.88232421875
1151.98046875
1142.353515625
1137.7900390625
1135.75830078125
1139.82177734375
1140.82177734375
1146.9169921875
1144.63525390625
1149.19873046875
1150.19873046875
1161.607421875
1156.7939453125
1154.63720703125
1158.95068359375
1159.95068359375
1166.4208984375
1164.01416015625
1168.82763671875
1169.82763671875
1210.7421875
1191.23828125
1181.736328125
1177.2353515625
1175.23486328125
1179.23583984375
1180.23583984375
1186.2373046875
1183.98681640625
1188.48779296875
1189.48779296875
1200.740234375
1195.9892578125
1193.86376953125
1198.11474609375
1199.11474609375
1205.4912109375
1203.11572265625
1207.86669921875
1208.86669921875
1230.24609375
1220.494140625
1215.8681640625
1213.80517578125
1217.93115234375
1218.93115234375
1225.1201171875
1222.80712890625
1227.43310546875
1228.43310546875
1239.998046875
1235.1220703125
1232.93408203125
1237.31005859375
1238.31005859375
1244.8740234375
1242.43603515625
1247.31201171875
1248.31201171875
1874.875
1562.5625
1406.65625
1328.953125
1290.3515625
1271.30078125
1262.025390625
1257.6376953125
1255.69384765625
1259.58154296875
1266.4130859375
1264.21923828125
1268.60693359375
1269.60693359375
1280.576171875
1275.9384765625
1273.86962890625
1278.00732421875
1279.00732421875
1285.2138671875
1282.89501953125
1287.53271484375
1288.53271484375
1309.40234375
1299.876953125
1295.3642578125
1293.35791015625
1297.37060546875
1298.37060546875
1304.3896484375
1302.13330078125
1306.64599609375
1307.64599609375
1318.927734375
1314.1650390625
1312.03369140625
1316.29638671875
1317.29638671875
1323.6904296875
1321.30908203125
1326.07177734375
1327.07177734375
1367.5546875
1348.25390625
1338.853515625
1334.4033203125
1332.42822265625
1336.37841796875
1343.3037109375
1341.07861328125
1345.52880859375
1346.52880859375
1357.654296875
1352.9541015625
1350.85400390625
1355.05419921875
1356.05419921875
1362.3544921875
1360.00439453125
1364.70458984375
1365.70458984375
1386.85546875
1377.205078125
1372.6298828125
1370.59228515625
1374.66748046875
1375.66748046875
1381.7802734375
1379.49267578125
1384.06787109375
1385.06787109375
1396.505859375
1391.6806640625
1389.51806640625
1393.84326171875
1394.84326171875
1401.3310546875
1398.91845703125
1403.74365234375
1404.74365234375
1484.359375
1445.5078125
1426.33203125
1416.994140625
1412.5751953125
1410.61572265625
1414.53466796875
1421.4130859375
1419.20361328125
1423.62255859375
1424.62255859375
1435.669921875
1431.0009765625
1428.91650390625
1433.08544921875
1434.08544921875
1440.3388671875
1438.00439453125
1442.67333984375
1443.67333984375
1464.68359375
1455.095703125
1450.5517578125
1448.52978515625
1452.57373046875
1453.57373046875
1459.6396484375
1457.36767578125
1461.91162109375
1462.91162109375
1474.271484375
1469.4775390625
1467.33056640625
1471.62451171875
1472.62451171875
1479.0654296875
1476.66845703125
1481.46240234375
1482.46240234375
1523.2109375
1503.78515625
1494.322265625
1489.8408203125
1487.85009765625
1491.83154296875
1498.8037109375
1496.56298828125
1501.04443359375
1502.04443359375
1513.248046875
1508.5166015625
1506.40087890625
1510.63232421875
1511.63232421875
1517.9794921875
1515.61376953125
1520.34521484375
1521.34521484375
1542.63671875
1532.923828125
1528.3173828125
1526.26416015625
1530.37060546875
1531.37060546875
1537.5302734375
1535.22705078125
1539.83349609375
1540.83349609375
1552.349609375
1547.4931640625
1545.31494140625
1549.67138671875
1550.67138671875
1557.2060546875
1554.77783203125
1559.63427734375
1560.63427734375
1718.46875
1640.515625
1601.7890625
1582.67578125
1573.369140625
1568.9658203125
1567.01416015625
1570.91748046875
1577.7724609375
1575.57080078125
1579.97412109375
1580.97412109375
1591.982421875
1587.3291015625
1585.25244140625
1589.40576171875
1590.40576171875
1596.6357421875
1594.30908203125
1598.96240234375
1599.96240234375
1620.90234375
1611.345703125
1606.8173828125
1604.80322265625
1608.83154296875
1609.83154296875
1615.8740234375
1613.60986328125
1618.13818359375
1619.13818359375
1630.458984375
1625.6806640625
1623.54150390625
1627.81982421875
1628.81982421875
1635.2373046875
1632.84814453125
1637.62646484375
1638.62646484375
1679.2421875
1659.87890625
1650.447265625
1645.9814453125
1643.99853515625
1647.96435546875
1654.9130859375
1652.68017578125
1657.14599609375
1658.14599609375
1669.310546875
1664.5947265625
1662.48681640625
1666.70263671875
1667.70263671875
1674.0263671875
1671.66845703125
1676.38427734375
1677.38427734375
1698.60546875
1688.923828125
1684.3330078125
1682.28759765625
1686.37841796875
1687.37841796875
1693.5146484375
1691.21923828125
1695.81005859375
1696.81005859375
1708.287109375
1703.4462890625
1701.27587890625
1705.61669921875
1706.61669921875
1713.1279296875
1710.70751953125
1715.54833984375
1716.54833984375
1796.421875
1757.4453125
1738.20703125
1728.837890625
1724.4033203125
1722.43603515625
1726.37060546875
1733.2724609375
1731.05517578125
1735.48974609375
1736.48974609375
1747.576171875
1742.8916015625
1740.79931640625
1744.98388671875
1745.98388671875
1752.2607421875
1749.91845703125
1754.60302734375
1755.60302734375
1776.68359375
1767.064453125
1762.5048828125
1760.47509765625
1764.53466796875
1765.53466796875
1771.6240234375
1769.34423828125
1773.90380859375
1774.90380859375
1786.302734375
1781.4931640625
1779.33837890625
1783.64794921875
1784.64794921875
1791.1123046875
1788.70751953125
1793.51708984375
1794.51708984375
1835.3984375
1815.91015625
1806.416015625
1801.9189453125
1799.92041015625
1803.91748046875
1810.9130859375
1808.66455078125
1813.16162109375
1814.16162109375
1825.404296875
1820.6572265625
1818.53369140625
1822.78076171875
1823.78076171875
1830.1513671875
1827.77783203125
1832.52490234375
1833.52490234375
1854.88671875
1845.142578125
1840.5205078125
1838.45947265625
1842.58154296875
1843.58154296875
1849.7646484375
1847.45361328125
1852.07568359375
1853.07568359375
1864.630859375
1859.7587890625
1857.57275390625
1861.94482421875
1862.94482421875
1869.5029296875
1867.06689453125
1871.93896484375
1872.93896484375
2187.1875
2031.03125
1953.203125
1914.5390625
1895.45703125
1886.166015625
1881.7705078125
1879.82275390625
1883.71826171875
1890.5615234375
1888.36376953125
1892.75927734375
1893.75927734375
1904.748046875
1900.1025390625
1898.02978515625
1902.17529296875
1903.17529296875
1909.3935546875
1907.07080078125
1911.71630859375
1912.71630859375
1933.62109375
1924.080078125
1919.5595703125
1917.54931640625
1921.56982421875
1922.56982421875
1928.6005859375
1926.34033203125
1930.86083984375
1931.86083984375
1943.162109375
1938.3916015625
1936.25634765625
1940.52685546875
1941.52685546875
1947.9326171875
1945.54736328125
1950.31787109375
1951.31787109375
1991.8671875
1972.53515625
1963.119140625
1958.6611328125
1956.68212890625
1960.64013671875
1967.5771484375
1965.34814453125
1969.80615234375
1970.80615234375
1981.951171875
1977.2431640625
1975.13916015625
1979.34716796875
1980.34716796875
1986.6591796875
1984.30517578125
1989.01318359375
1990.01318359375
2011.19921875
2001.533203125
1996.9501953125
1994.90869140625
1998.99169921875
1999.99169921875
2006.1162109375
2003.82470703125
2008.40771484375
2009.40771484375
2020.865234375
2016.0322265625
2013.86572265625
2018.19873046875
2019.19873046875
2025.6982421875
2023.28173828125
2028.11474609375
2029.11474609375
2108.859375
2069.9453125
2050.73828125
2041.384765625
2036.9580078125
2034.99462890625
2038.92138671875
2045.8115234375
2043.59814453125
2048.02490234375
2049.02490234375
2060.091796875
2055.4150390625
2053.32666015625
2057.50341796875
2058.50341796875
2064.7685546875
2062.43017578125
2067.10693359375
2068.10693359375
2089.15234375
2079.548828125
2074.9970703125
2072.97119140625
2077.02294921875
2078.02294921875
2084.1005859375
2081.82470703125
2086.37646484375
2087.37646484375
2098.755859375
2093.9541015625
2091.80322265625
2096.10498046875
2097.10498046875
2103.5576171875
2101.15673828125
2105.95849609375
2106.95849609375
2147.7734375
2128.31640625
2118.837890625
2114.3486328125
2112.35400390625
2116.34326171875
2123.3271484375
2121.08251953125
2125.57177734375
2126.57177734375
2137.794921875
2133.0556640625
2130.93603515625
2135.17529296875
2136.17529296875
2142.5341796875
2140.16455078125
2144.90380859375
2145.90380859375
2167.23046875
2157.501953125
2152.8876953125
2150.83056640625
2154.94482421875
2155.94482421875
2162.1162109375
2159.80908203125
2164.42333984375
2165.42333984375
2176.958984375
2172.0947265625
2169.91259765625
2174.27685546875
2175.27685546875
2181.8232421875
2179.39111328125
2184.25537109375
2185.25537109375
2343.34375
2265.265625
2226.4765625
2207.33203125
2198.009765625
2193.5986328125
2191.64306640625
2195.55419921875
2202.4208984375
2200.21533203125
2204.62646484375
2205.62646484375
2216.654296875
2211.9931640625
2209.91259765625
2214.07373046875
2215.07373046875
2221.3154296875
2218.98486328125
2223.64599609375
2224.64599609375
2245.62109375
2236.048828125
2231.5126953125
2229.49462890625
2233.53076171875
2234.53076171875
2240.5849609375
2238.31689453125
2242.85302734375
2243.85302734375
2255.193359375
2250.4072265625
2248.26416015625
2252.55029296875
2253.55029296875
2259.9794921875
2257.58642578125
2262.37255859375
2263.37255859375
2304.0546875
2284.66015625
2275.212890625
2270.7392578125
2268.75244140625
2272.72607421875
2279.6865234375
2277.44970703125
2281.92333984375
2282.92333984375
2294.107421875
2289.3837890625
2287.27197265625
2291.49560546875
2292.49560546875
2298.8310546875
2296.46923828125
2301.19287109375
2302.19287109375
2323.44921875
2313.751953125
2309.1533203125
2307.10400390625
2311.20263671875
2312.20263671875
2318.3505859375
2316.05126953125
2320.64990234375
2321.64990234375
2333.146484375
2328.2978515625
2326.12353515625
2330.47216796875
2331.47216796875
2337.9951171875
2335.57080078125
2340.41943359375
2341.41943359375
2421.421875
2382.3828125
2363.11328125
2353.728515625
2349.2861328125
2347.31494140625
2351.25732421875
2358.1708984375
2355.94970703125
2360.39208984375
2361.39208984375
2372.498046875
2367.8056640625
2365.70947265625
2369.90185546875
2370.90185546875
2377.1904296875
2374.84423828125
2379.53662109375
2380.53662109375
2401.65234375
2392.017578125
2387.4501953125
2385.41650390625
2389.48388671875
2390.48388671875
2396.5849609375
2394.30126953125
2398.86865234375
2399.86865234375
2411.287109375
2406.4697265625
2404.31103515625
2408.62841796875
2409.62841796875
2416.1044921875
2413.69580078125
2418.51318359375
2419.51318359375
2460.4609375
2440.94140625
2431.431640625
2426.9267578125
2424.92431640625
2428.92919921875
2429.92919921875
2435.9365234375
2433.68408203125
2438.18896484375
2439.18896484375
2450.451171875
2445.6962890625
2443.56884765625
2447.82373046875
2448.82373046875
2455.2060546875
2452.82861328125
2457.58349609375
2458.58349609375
2479.98046875
2470.220703125
2465.5908203125
2463.52587890625
2467.65576171875
2468.65576171875
2474.8505859375
2472.53564453125
2477.16552734375
2478.16552734375
2489.740234375
2484.8603515625
2482.67041015625
2487.05029296875
2488.05029296875
2494.6201171875
2492.18017578125
2497.06005859375
2498.06005859375
3749.75
3124.875
2812.6875
2656.84375
2579.171875
2540.5859375
2521.54296875
2512.271484375
2507.8857421875
2505.94287109375
2509.82861328125
2516.6572265625
2514.46435546875
2518.85009765625
2519.85009765625
2530.814453125
2526.1787109375
2524.11083984375
2528.24658203125
2529.24658203125
2535.4501953125
2533.13232421875
2537.76806640625
2538.76806640625
2559.62890625
2550.107421875
2545.5966796875
2543.59130859375
2547.60205078125
2548.60205078125
2554.6181640625
2552.36279296875
2556.87353515625
2557.87353515625
2569.150390625
2564.3896484375
2562.25927734375
2566.52001953125
2567.52001953125
2573.9111328125
2571.53076171875
2576.29150390625
2577.29150390625
2617.7578125
2598.46484375
2589.068359375
2584.6201171875
2582.64599609375
2586.59423828125
2593.5166015625
2591.29248046875
2595.74072265625
2596.74072265625
2607.861328125
2603.1630859375
2601.06396484375
2605.26220703125
2606.26220703125
2612.5595703125
2610.21044921875
2614.90869140625
2615.90869140625
2637.05078125
2627.404296875
2622.8310546875
2620.79443359375
2624.86767578125
2625.86767578125
2631.9775390625
2629.69091796875
2634.26416015625
2635.26416015625
2646.697265625
2641.8740234375
2639.71240234375
2644.03564453125
2645.03564453125
2651.5205078125
2649.10888671875
2653.93212890625
2654.93212890625
2734.515625
2695.6796875
2676.51171875
2667.177734375
2662.7607421875
2660.80224609375
2664.71923828125
2671.5947265625
2669.38623046875
2673.80322265625
2674.80322265625
2685.845703125
2681.1787109375
2679.09521484375
2683.26220703125
2684.26220703125
2690.5126953125
2688.17919921875
2692.84619140625
2693.84619140625
2714.84765625
2705.263671875
2700.7216796875
2698.70068359375
2702.74267578125
2703.74267578125
2709.8056640625
2707.53466796875
2712.07666015625
2713.07666015625
2724.431640625
2719.6396484375
2717.49365234375
2721.78564453125
2722.78564453125
2729.2236328125
2726.82763671875
2731.61962890625
2732.61962890625
2773.3515625
2753.93359375
2744.474609375
2739.9951171875
2738.00537109375
2741.98486328125
2748.9541015625
2746.71435546875
2751.19384765625
2752.19384765625
2763.392578125
2758.6630859375
2756.54833984375
2760.77783203125
2761.77783203125
2768.1220703125
2765.75732421875
2770.48681640625
2771.48681640625
2792.76953125
2783.060546875
2778.4560546875
2776.40380859375
2780.50830078125
2781.50830078125
2787.6650390625
2785.36279296875
2789.96728515625
2790.96728515625
2802.478515625
2797.6240234375
2795.44677734375
2799.80126953125
2800.80126953125
2807.3330078125
2804.90576171875
2809.76025390625
2810.76025390625
2968.53125
2890.609375
2851.8984375
2832.79296875
2823.490234375
2819.0888671875
2817.13818359375
2821.03955078125
2827.8916015625
2825.69091796875
2830.09228515625
2831.09228515625
2842.095703125
2837.4443359375
2835.36865234375
2839.52001953125
2840.52001953125
2846.7470703125
2844.42138671875
2849.07275390625
2850.07275390625
2871.00390625
2861.451171875
2856.9248046875
2854.91162109375
2858.93798828125
2859.93798828125
2865.9775390625
2863.71435546875
2868.24072265625
2869.24072265625
2880.556640625
2875.7802734375
2873.64208984375
2877.91845703125
2878.91845703125
2885.3330078125
2882.94482421875
2887.72119140625
2888.72119140625
2929.3203125
2909.96484375
2900.537109375
2896.0732421875
2894.09130859375
2898.05517578125
2905.0009765625
2902.76904296875
2907.23291015625
2908.23291015625
2919.392578125
2914.6787109375
2912.57177734375
2916.78564453125
2917.78564453125
2924.1064453125
2921.74951171875
2926.46337890625
2927.46337890625
2948.67578125
2938.998046875
2934.4091796875
2932.36474609375
2936.45361328125
2937.45361328125
2943.5869140625
2941.29248046875
2945.88134765625
2946.88134765625
2958.353515625
2953.5146484375
2951.34521484375
2955.68408203125
2956.68408203125
2963.1923828125
2960.77294921875
2965.61181640625
2966.61181640625
3046.453125
3007.4921875
2988.26171875
2978.896484375
2974.4638671875
2972.49755859375
2976.43017578125
2983.3291015625
2981.11279296875
2985.54541015625
2986.54541015625
2997.626953125
2992.9443359375
2990.85302734375
2995.03564453125
2996.03564453125
3002.3095703125
2999.96826171875
3004.65087890625
3005.65087890625
3026.72265625
3017.107421875
3012.5498046875
3010.52099609375
3014.57861328125
3015.57861328125
3021.6650390625
3019.38623046875
3023.94384765625
3024.94384765625
3036.337890625
3031.5302734375
3029.37646484375
3033.68408203125
3034.68408203125
3041.1455078125
3038.74169921875
3043.54931640625
3044.54931640625
3085.4140625
3065.93359375
3056.443359375
3051.9482421875
3049.95068359375
3053.94580078125
3060.9384765625
3058.69091796875
3063.18603515625
3064.18603515625
3075.423828125
3070.6787109375
3068.55615234375
3072.80126953125
3073.80126953125
3080.1689453125
3077.79638671875
3082.54150390625
3083.54150390625
3104.89453125
3095.154296875
3090.5341796875
3088.47412109375
3092.59423828125
3093.59423828125
3099.7744140625
3097.46435546875
3102.08447265625
3103.08447265625
3114.634765625
3109.7646484375
3107.57958984375
3111.94970703125
3112.94970703125
3119.5048828125
3117.06982421875
3121.93994140625
3122.93994140625
3437.0625
3280.96875
3203.171875
3164.5234375
3145.44921875
3136.162109375
3131.7685546875
3129.82177734375
3133.71533203125
3140.5556640625
3138.35888671875
3142.75244140625
3143.75244140625
3154.736328125
3150.0927734375
3148.02099609375
3152.16455078125
3153.16455078125
3159.3798828125
3157.05810546875
3161.70166015625
3162.70166015625
3183.59765625
3174.060546875
3169.5419921875
3167.53271484375
3171.55126953125
3172.55126953125
3178.5791015625
3176.31982421875
3180.83837890625
3181.83837890625
3193.134765625
3188.3662109375
3186.23193359375
3190.50048828125
3191.50048828125
3197.9033203125
3195.51904296875
3200.28759765625
3201.28759765625
3241.8203125
3222.49609375
3213.083984375
3208.6279296875
3206.64990234375
3210.60595703125
3217.5400390625
3215.31201171875
3219.76806640625
3220.76806640625
3231.908203125
3227.2021484375
3225.09912109375
3229.30517578125
3230.30517578125
3236.6142578125
3234.26123046875
3238.96728515625
3239.96728515625
3261.14453125
3251.482421875
3246.9013671875
3244.86083984375
3248.94189453125
3249.94189453125
3256.0634765625
3253.77294921875
3258.35400390625
3259.35400390625
3270.806640625
3265.9755859375
3263.81005859375
3268.14111328125
3269.14111328125
3275.6376953125
3273.22216796875
3278.05322265625
3279.05322265625
3358.765625
3319.8671875
3300.66796875
3291.318359375
3286.8935546875
3284.93115234375
3288.85595703125
3295.7431640625
3293.53076171875
3297.95556640625
3298.95556640625
3310.017578125
3305.3427734375
3303.25537109375
3307.43017578125
3308.43017578125
3314.6923828125
3312.35498046875
3317.02978515625
3318.02978515625
3339.06640625
3329.466796875
3324.9169921875
3322.89208984375
3326.94189453125
3327.94189453125
3334.0166015625
3331.74169921875
3336.29150390625
3337.29150390625
3348.666015625
3343.8662109375
3341.71630859375
3346.01611328125
3347.01611328125
3353.4658203125
3351.06591796875
3355.86572265625
3356.86572265625
3397.6640625
3378.21484375
3368.740234375
3364.2529296875
3362.25927734375
3366.24658203125
3373.2275390625
3370.98388671875
3375.47119140625
3376.47119140625
3387.689453125
3382.9521484375
3380.83349609375
3385.07080078125
3386.07080078125
3392.4267578125
3390.05810546875
3394.79541015625
3395.79541015625
3417.11328125
3407.388671875
3402.7763671875
3400.72021484375
3404.83251953125
3405.83251953125
3412.0009765625
3409.69482421875
3414.30712890625
3415.30712890625
3426.837890625
3421.9755859375
3419.79443359375
3424.15673828125
3425.15673828125
3431.7001953125
3429.26904296875
3434.13134765625
3435.13134765625
3593.15625
3515.109375
3476.3359375
3457.19921875
3447.880859375
3443.4716796875
3441.51708984375
3445.42626953125
3452.2900390625
3450.08544921875
3454.49462890625
3455.49462890625
3466.517578125
3461.8583984375
3459.77880859375
3463.93798828125
3464.93798828125
3471.1767578125
3468.84716796875
3473.50634765625
3474.50634765625
3495.47265625
3485.904296875
3481.3701171875
3479.35302734375
3483.38720703125
3484.38720703125
3490.4384765625
3488.17138671875
3492.70556640625
3493.70556640625
3505.041015625
3500.2568359375
3498.11474609375
3502.39892578125
3503.39892578125
3509.8251953125
3507.43310546875
3512.21728515625
3513.21728515625
3553.8828125
3534.49609375
3525.052734375
3520.5810546875
3518.59521484375
3522.56689453125
3529.5244140625
3527.28857421875
3531.76025390625
3532.76025390625
3543.939453125
3539.2177734375
3537.10693359375
3541.32861328125
3542.32861328125
3548.6611328125
3546.30029296875
3551.02197265625
3552.02197265625
3573.26953125
3563.576171875
3558.9794921875
3556.93115234375
3561.02783203125
3562.02783203125
3568.1728515625
3565.87451171875
3570.47119140625
3571.47119140625
3582.962890625
3578.1162109375
3575.94287109375
3580.28955078125
3581.28955078125
3587.8095703125
3585.38623046875
3590.23291015625
3591.23291015625
3671.203125
3632.1796875
3612.91796875
3603.537109375
3599.0966796875
3597.12646484375
3601.06689453125
3607.9775390625
3605.75732421875
3610.19775390625
3611.19775390625
3622.298828125
3617.6083984375
3615.51318359375
3619.70361328125
3620.70361328125
3626.9892578125
3624.64404296875
3629.33447265625
3630.33447265625
3651.44140625
3641.810546875
3637.2451171875
3635.21240234375
3639.27783203125
3640.27783203125
3646.3759765625
3644.09326171875
3648.65869140625
3649.65869140625
3661.072265625
3656.2568359375
3654.09912109375
3658.41455078125
3659.41455078125
3665.8876953125
3663.47998046875
3668.29541015625
3669.29541015625
3710.2265625
3690.71484375
3681.208984375
3676.7060546875
3674.70458984375
3678.70751953125
3679.70751953125
3685.7119140625
3683.46044921875
3687.96337890625
3688.96337890625
3700.220703125
3695.4677734375
3693.34130859375
3697.59423828125
3698.59423828125
3704.9736328125
3702.59716796875
3707.35009765625
3708.35009765625
3729.73828125
3719.982421875
3715.3544921875
3713.29052734375
3717.41845703125
3718.41845703125
3724.6103515625
3722.29638671875
3726.92431640625
3727.92431640625
3739.494140625
3734.6162109375
3732.42724609375
3736.80517578125
3737.80517578125
3744.3720703125
3741.93310546875
3746.81103515625
3747.81103515625
4374.625
4062.1875
3906.21875
3828.484375
3789.8671875
3770.80859375
3761.529296875
3757.1396484375
3755.19482421875
3759.08447265625
3765.9189453125
3763.72412109375
3768.11376953125
3769.11376953125
3780.087890625
3775.4482421875
3773.37841796875
3777.51806640625
3778.51806640625
3784.7275390625
3782.40771484375
3787.04736328125
3788.04736328125
3808.92578125
3799.396484375
3794.8818359375
3792.87451171875
3796.88916015625
3797.88916015625
3803.9111328125
3801.65380859375
3806.16845703125
3807.16845703125
3818.455078125
3813.6904296875
3811.55810546875
3815.82275390625
3816.82275390625
3823.2197265625
3820.83740234375
3825.60205078125
3826.60205078125
3867.1015625
3847.79296875
3838.388671875
3833.9365234375
3831.96044921875
3835.91259765625
3842.8408203125
3840.61474609375
3845.06689453125
3846.06689453125
3857.197265625
3852.4951171875
3850.39404296875
3854.59619140625
3855.59619140625
3861.8994140625
3859.54833984375
3864.25048828125
3865.25048828125
3886.41015625
3876.755859375
3872.1787109375
3870.14013671875
3874.21728515625
3875.21728515625
3881.3330078125
3879.04443359375
3883.62158203125
3884.62158203125
3896.064453125
3891.2373046875
3889.07373046875
3893.40087890625
3894.40087890625
3900.8916015625
3898.47802734375
3903.30517578125
3904.30517578125
3983.953125
3945.0859375
3925.90234375
3916.560546875
3912.1396484375
3910.17919921875
3914.10009765625
3920.9814453125
3918.77099609375
3923.19189453125
3924.19189453125
3935.244140625
3930.5732421875
3928.48779296875
3932.65869140625
3933.65869140625
3939.9150390625
3937.57958984375
3942.25048828125
3943.25048828125
3964.26953125
3954.677734375
3950.1318359375
3948.10888671875
3952.15478515625
3953.15478515625
3959.2236328125
3956.95068359375
3961.49658203125
3962.49658203125
3973.861328125
3969.0654296875
3966.91748046875
3971.21337890625
3972.21337890625
3978.6572265625
3976.25927734375
3981.05517578125
3982.05517578125
4022.8203125
4003.38671875
3993.919921875
3989.4365234375
3987.44482421875
3991.42822265625
3998.4033203125
3996.16162109375
4000.64501953125
4001.64501953125
4012.853515625
4008.1201171875
4006.00341796875
4010.23681640625
4011.23681640625
4017.5869140625
4015.22021484375
4019.95361328125
4020.95361328125
4042.25390625
4032.537109375
4027.9287109375
4025.87451171875
4029.98291015625
4030.98291015625
4037.1455078125
4034.84130859375
4039.44970703125
4040.44970703125
4051.970703125
4047.1123046875
4044.93310546875
4049.29150390625
4050.29150390625
4056.8291015625
4054.39990234375
4059.25830078125
4060.25830078125
4218.15625
4140.171875
4101.4296875
4082.30859375
4072.998046875
4068.5927734375
4066.64013671875
4070.54541015625
4077.4033203125
4075.20068359375
4079.60595703125
4080.60595703125
4091.619140625
4086.9638671875
4084.88623046875
4089.04150390625
4090.04150390625
4096.2744140625
4093.94677734375
4098.60205078125
4099.60205078125
4120.55078125
4110.990234375
4106.4599609375
4104.44482421875
4108.47509765625
4109.47509765625
4115.5205078125
4113.25537109375
4117.78564453125
4118.78564453125
4130.111328125
4125.3310546875
4123.19091796875
4127.47119140625
4128.47119140625
4134.8916015625
4132.50146484375
4137.28173828125
4138.28173828125
4178.9140625
4159.54296875
4150.107421875
4145.6396484375
4143.65576171875
4147.62353515625
4154.5751953125
4152.34130859375
4156.80908203125
4157.80908203125
4168.978515625
4164.2607421875
4162.15185546875
4166.36962890625
4167.36962890625
4173.6962890625
4171.33740234375
4176.05517578125
4177.05517578125
4198.28515625
4188.599609375
4184.0068359375
4181.96044921875
4186.05322265625
4187.05322265625
4193.1923828125
4190.89599609375
4195.48876953125
4196.48876953125
4207.970703125
4203.1279296875
4200.95654296875
4205.29931640625
4206.29931640625
4212.8134765625
4210.39208984375
4215.23486328125
4216.23486328125
4296.140625
4257.1484375
4237.90234375
4228.529296875
4224.0927734375
4222.12451171875
4226.06103515625
4232.9658203125
4230.74755859375
4235.18408203125
4236.18408203125
4247.275390625
4242.5888671875
4240.49560546875
4244.68212890625
4245.68212890625
4251.9619140625
4249.61865234375
4254.30517578125
4255.30517578125
4276.39453125
4266.771484375
4262.2099609375
4260.17919921875
4264.24072265625
4265.24072265625
4271.3330078125
4269.05224609375
4273.61376953125
4274.61376953125
4286.017578125
4281.2060546875
4279.05029296875
4283.36181640625
4284.36181640625
4290.8291015625
4288.42333984375
4293.23486328125
4294.23486328125
4335.1328125
4315.63671875
4306.138671875
4301.6396484375
4299.64013671875
4303.63916015625
4310.6376953125
4308.38818359375
4312.88720703125
4313.88720703125
4325.134765625
4320.3857421875
4318.26123046875
4322.51025390625
4323.51025390625
4329.8837890625
4327.50927734375
4332.25830078125
4333.25830078125
4354.62890625
4344.880859375
4340.2568359375
4338.19482421875
4342.31884765625
4343.31884765625
4349.5048828125
4347.19287109375
4351.81689453125
4352.81689453125
4364.376953125
4359.5029296875
4357.31591796875
4361.68994140625
4362.68994140625
4369.2509765625
4366.81396484375
4371.68798828125
4372.68798828125
4687.0625
4530.84375
4452.984375
4414.3046875
4395.21484375
4385.919921875
4381.5224609375
4379.57373046875
4383.47119140625
4390.3173828125
4388.11865234375
4392.51611328125
4393.51611328125
4404.509765625
4399.8623046875
4397.78857421875
4401.93603515625
4402.93603515625
4409.1572265625
4406.83349609375
4411.48095703125
4412.48095703125
4433.39453125
4423.849609375
4419.3271484375
4417.31591796875
4421.33837890625
4422.33837890625
4428.3720703125
4426.11083984375
4430.63330078125
4431.63330078125
4442.939453125
4438.1669921875
4436.03076171875
4440.30322265625
4441.30322265625
4447.7119140625
4445.32568359375
4450.09814453125
4451.09814453125
4491.6640625
4472.32421875
4462.904296875
4458.4443359375
4456.46435546875
4460.42431640625
4467.3642578125
4465.13427734375
4469.59423828125
4470.59423828125
4481.744140625
4477.0341796875
4474.92919921875
4479.13916015625
4480.13916015625
4486.4541015625
4484.09912109375
4488.80908203125
4489.80908203125
4511.00390625
4501.333984375
4496.7490234375
4494.70654296875
4498.79150390625
4499.79150390625
4505.9189453125
4503.62646484375
4508.21142578125
4509.21142578125
4520.673828125
4515.8388671875
4513.67138671875
4518.00634765625
4519.00634765625
4525.5087890625
4523.09130859375
4527.92626953125
4528.92626953125
4608.703125
4569.7734375
4550.55859375
4541.201171875
4536.7724609375
4534.80810546875
4538.73681640625
4545.6298828125
4543.41552734375
4547.84423828125
4548.84423828125
4559.916015625
4555.2373046875
4553.14794921875
4557.32666015625
4558.32666015625
4564.5947265625
4562.25537109375
4566.93408203125
4567.93408203125
4588.98828125
4579.380859375
4574.8271484375
4572.80029296875
4576.85400390625
4577.85400390625
4583.9345703125
4581.65771484375
4586.21142578125
4587.21142578125
4598.595703125
4593.7919921875
4591.64013671875
4595.94384765625
4596.94384765625
4603.3994140625
4600.99755859375
4605.80126953125
4606.80126953125
4647.6328125
4628.16796875
4618.685546875
4614.1943359375
4612.19873046875
4616.18994140625
4623.1767578125
4620.93115234375
4625.42236328125
4626.42236328125
4637.650390625
4632.9091796875
4630.78857421875
4635.02978515625
4636.02978515625
4642.3916015625
4640.02099609375
4644.76220703125
4645.76220703125
4667.09765625
4657.365234375
4652.7490234375
4650.69091796875
4654.80712890625
4655.80712890625
4661.9814453125
4659.67333984375
4664.28955078125
4665.28955078125
4676.830078125
4671.9638671875
4669.78076171875
4674.14697265625
4675.14697265625
4681.6962890625
4679.26318359375
4684.12939453125
4685.12939453125
4843.28125
4765.171875
4726.3671875
4707.21484375
4697.888671875
4693.4755859375
4691.51904296875
4695.43212890625
4702.3017578125
4700.09521484375
4704.50830078125
4705.50830078125
4716.541015625
4711.8779296875
4709.79638671875
4713.95947265625
4714.95947265625
4721.2041015625
4718.87255859375
4723.53564453125
4724.53564453125
4745.51953125
4735.943359375
4731.4052734375
4729.38623046875
4733.42431640625
4734.42431640625
4740.4814453125
4738.21240234375
4742.75048828125
4743.75048828125
4755.095703125
4750.3076171875
4748.16357421875
4752.45166015625
4753.45166015625
4759.8837890625
4757.48974609375
4762.27783203125
4763.27783203125
4803.9765625
4784.57421875
4775.123046875
4770.6474609375
4768.65966796875
4772.63525390625
4779.5986328125
4777.36083984375
4781.83642578125
4782.83642578125
4794.025390625
4789.2998046875
4787.18701171875
4791.41259765625
4792.41259765625
4798.7509765625
4796.38818359375
4801.11376953125
4802.11376953125
4823.37890625
4813.677734375
4809.0771484375
4807.02685546875
4811.12744140625
4812.12744140625
4818.2783203125
4815.97802734375
4820.57861328125
4821.57861328125
4833.080078125
4828.2294921875
4826.05419921875
4830.40478515625
4831.40478515625
4837.9306640625
4835.50537109375
4840.35595703125
4841.35595703125
4921.390625
4882.3359375
4863.05859375
4853.669921875
4849.2255859375
4847.25341796875
4851.19775390625
4858.1142578125
4855.89208984375
4860.33642578125
4861.33642578125
4872.447265625
4867.7529296875
4865.65576171875
4869.85009765625
4870.85009765625
4877.1416015625
4874.79443359375
4879.48876953125
4880.48876953125
4901.61328125
4891.974609375
4887.4052734375
4885.37060546875
4889.43994140625
4890.43994140625
4896.5439453125
4894.25927734375
4898.82861328125
4899.82861328125
4911.251953125
4906.4326171875
4904.27294921875
4908.59228515625
4909.59228515625
4916.0712890625
4913.66162109375
4918.48095703125
4919.48095703125
4960.4453125
4940.91796875
4931.404296875
4926.8974609375
4924.89404296875
4928.90087890625
4929.90087890625
4935.9111328125
4933.65771484375
4938.16455078125
4939.16455078125
4950.431640625
4945.6748046875
4943.54638671875
4947.80322265625
4948.80322265625
4955.1884765625
4952.81005859375
4957.56689453125
4958.56689453125
4979.97265625
4970.208984375
4965.5771484375
4963.51123046875
4967.64306640625
4968.64306640625
4974.8408203125
4972.52490234375
4977.15673828125
4978.15673828125
4989.736328125
4984.8544921875
4982.66357421875
4987.04541015625
4988.04541015625
4994.6181640625
4992.17724609375
4997.05908203125
4998.05908203125
7500.0
6250.0
5625.25
5313.125
5157.3125
5079.65625
5041.078125
5022.0390625
5012.76953125
5008.384765625
5006.4423828125
5010.3271484375
5017.154296875
5014.9619140625
5019.3466796875
5020.3466796875
5031.30859375
5026.673828125
5024.6064453125
5028.7412109375
5029.7412109375
5035.943359375
5033.6259765625
5038.2607421875
5039.2607421875
5060.1171875
5050.59765625
5046.087890625
5044.0830078125
5048.0927734375
5049.0927734375
5055.107421875
5052.8525390625
5057.3623046875
5058.3623046875
5069.63671875
5064.876953125
5062.7470703125
5067.0068359375
5068.0068359375
5074.396484375
5072.0166015625
5076.7763671875
5077.7763671875
5118.234375
5098.9453125
5089.55078125
5085.103515625
5083.1298828125
5087.0771484375
5093.998046875
5091.7744140625
5096.2216796875
5097.2216796875
5108.33984375
5103.642578125
5101.5439453125
5105.7412109375
5106.7412109375
5113.037109375
5110.6884765625
5115.3857421875
5116.3857421875
5137.5234375
5127.87890625
5123.306640625
5121.2705078125
5125.3427734375
5126.3427734375
5132.451171875
5130.1650390625
5134.7373046875
5135.7373046875
5147.16796875
5142.345703125
5140.1845703125
5144.5068359375
5145.5068359375
5151.990234375
5149.5791015625
5154.4013671875
5155.4013671875
5234.96875
5196.140625
5176.9765625
5167.64453125
5163.228515625
5161.2705078125
5165.1865234375
5172.060546875
5169.8525390625
5174.2685546875
5175.2685546875
5186.30859375
5181.642578125
5179.5595703125
5183.7255859375
5184.7255859375
5190.974609375
5188.6416015625
5193.3076171875
5194.3076171875
5215.3046875
5205.72265625
5201.181640625
5199.1611328125
5203.2021484375
5204.2021484375
5210.263671875
5207.9931640625
5212.5341796875
5213.5341796875
5224.88671875
5220.095703125
5217.9501953125
5222.2412109375
5223.2412109375
5229.677734375
5227.2822265625
5232.0732421875
5233.0732421875
5273.796875
5254.3828125
5244.92578125
5240.447265625
5238.4580078125
5242.4365234375
5249.404296875
5247.1650390625
5251.6435546875
5252.6435546875
5263.83984375
5259.111328125
5256.9970703125
5261.2255859375
5262.2255859375
5268.568359375
5266.2041015625
5270.9326171875
5271.9326171875
5293.2109375
5283.50390625
5278.900390625
5276.8486328125
5280.9521484375
5281.9521484375
5288.107421875
5285.8056640625
5290.4091796875
5291.4091796875
5302.91796875
5298.064453125
5295.8876953125
5300.2412109375
5301.2412109375
5307.771484375
5305.3447265625
5310.1982421875
5311.1982421875
5468.9375
5391.03125
5352.328125
5333.2265625
5323.92578125
5319.525390625
5317.5751953125
5321.4755859375
5328.326171875
5326.1259765625
5330.5263671875
5331.5263671875
5342.52734375
5337.876953125
5335.8017578125
5339.9521484375
5340.9521484375
5347.177734375
5344.8525390625
5349.5029296875
5350.5029296875
5371.4296875
5361.87890625
5357.353515625
5355.3408203125
5359.3662109375
5360.3662109375
5366.404296875
5364.1416015625
5368.6669921875
5369.6669921875
5380.98046875
5376.205078125
5374.0673828125
5378.3427734375
5379.3427734375
5385.755859375
5383.3681640625
5388.1435546875
5389.1435546875
5429.734375
5410.3828125
5400.95703125
5396.494140625
5394.5126953125
5398.4755859375
5405.419921875
5403.1884765625
5407.6513671875
5408.6513671875
5419.80859375
5415.095703125
5412.9892578125
5417.2021484375
5418.2021484375
5424.521484375
5422.1650390625
5426.8779296875
5427.8779296875
5449.0859375
5439.41015625
5434.822265625
5432.7783203125
5436.8662109375
5437.8662109375
5443.998046875
5441.7041015625
5446.2919921875
5447.2919921875
5458.76171875
5453.923828125
5451.7548828125
5456.0927734375
5457.0927734375
5463.599609375
5461.1806640625
5466.0185546875
5467.0185546875
5546.84375
5507.890625
5488.6640625
5479.30078125
5474.869140625
5472.9033203125
5476.8349609375
5483.732421875
5481.5166015625
5485.9482421875
5486.9482421875
5498.02734375
5493.345703125
5491.2548828125
5495.4365234375
5496.4365234375
5502.708984375
5500.3681640625
5505.0498046875
5506.0498046875
5527.1171875
5517.50390625
5512.947265625
5510.9189453125
5514.9755859375
5515.9755859375
5522.060546875
5519.7822265625
5524.3388671875
5525.3388671875
5536.73046875
5531.923828125
5529.7705078125
5534.0771484375
5535.0771484375
5541.537109375
5539.1337890625
5543.9404296875
5544.9404296875
5585.796875
5566.3203125
5556.83203125
5552.337890625
5550.3408203125
5554.3349609375
5561.326171875
5559.0791015625
5563.5732421875
5564.5732421875
5575.80859375
5571.064453125
5568.9423828125
5573.1865234375
5574.1865234375
5580.552734375
5578.1806640625
5582.9248046875
5583.9248046875
5605.2734375
5595.53515625
5590.916015625
5588.8564453125
5592.9755859375
5593.9755859375
5600.154296875
5597.8447265625
5602.4638671875
5603.4638671875
5615.01171875
5610.142578125
5607.9580078125
5612.3271484375
5613.3271484375
5619.880859375
5617.4462890625
5622.3154296875
5623.3154296875
5937.375
5781.3125
5703.53125
5664.890625
5645.8203125
5636.53515625
5632.142578125
5630.1962890625
5634.0888671875
5640.927734375
5638.7314453125
5643.1240234375
5644.1240234375
5655.10546875
5650.462890625
5648.3916015625
5652.5341796875
5653.5341796875
5659.748046875
5657.4267578125
5662.0693359375
5663.0693359375
5683.9609375
5674.42578125
5669.908203125
5667.8994140625
5671.9169921875
5672.9169921875
5678.943359375
5676.6845703125
5681.2021484375
5682.2021484375
5693.49609375
5688.728515625
5686.5947265625
5690.8623046875
5691.8623046875
5698.263671875
5695.8798828125
5700.6474609375
5701.6474609375
5742.171875
5722.8515625
5713.44140625
5708.986328125
5707.0087890625
5710.9638671875
5717.896484375
5715.6689453125
5720.1240234375
5721.1240234375
5732.26171875
5727.556640625
5725.4541015625
5729.6591796875
5730.6591796875
5736.966796875
5734.6142578125
5739.3193359375
5740.3193359375
5761.4921875
5751.83203125
5747.251953125
5745.2119140625
5749.2919921875
5750.2919921875
5756.412109375
5754.1220703125
5758.7021484375
5759.7021484375
5771.15234375
5766.322265625
5764.1572265625
5768.4873046875
5769.4873046875
5775.982421875
5773.5673828125
5778.3974609375
5779.3974609375
5859.09375
5820.203125
5801.0078125
5791.66015625
5787.236328125
5785.2744140625
5789.1982421875
5796.083984375
5793.8720703125
5798.2958984375
5799.2958984375
5810.35546875
5805.681640625
5803.5947265625
5807.7685546875
5808.7685546875
5815.029296875
5812.6923828125
5817.3662109375
5818.3662109375
5839.3984375
5829.80078125
5825.251953125
5823.2275390625
5827.2763671875
5828.2763671875
5834.349609375
5832.0751953125
5836.6240234375
5837.6240234375
5848.99609375
5844.197265625
5842.0478515625
5846.3466796875
5847.3466796875
5853.794921875
5851.3955078125
5856.1943359375
5857.1943359375
5897.984375
5878.5390625
5869.06640625
5864.580078125
5862.5869140625
5866.5732421875
5873.552734375
5871.3095703125
5875.7958984375
5876.7958984375
5888.01171875
5883.275390625
5881.1572265625
5885.3935546875
5886.3935546875
5892.748046875
5890.3798828125
5895.1162109375
5896.1162109375
5917.4296875
5907.70703125
5903.095703125
5901.0400390625
5905.1513671875
5906.1513671875
5912.318359375
5910.0126953125
5914.6240234375
5915.6240234375
5927.15234375
5922.291015625
5920.1103515625
5924.4716796875
5925.4716796875
5932.013671875
5929.5830078125
5934.4443359375
5935.4443359375
6093.4375
6015.40625
5976.640625
5957.5078125
5948.19140625
5943.783203125
5941.8291015625
5945.7373046875
5952.599609375
5950.3955078125
5954.8037109375
5955.8037109375
5966.82421875
5962.166015625
5960.0869140625
5964.2451171875
5965.2451171875
5971.482421875
5969.1533203125
5973.8115234375
5974.8115234375
5995.7734375
5986.20703125
5981.673828125
5979.6572265625
5983.6904296875
5984.6904296875
5990.740234375
5988.4736328125
5993.0068359375
5994.0068359375
6005.33984375
6000.556640625
5998.4150390625
6002.6982421875
6003.6982421875
6010.123046875
6007.7314453125
6012.5146484375
6013.5146484375
6054.171875
6034.7890625
6025.34765625
6020.876953125
6018.8916015625
6022.8623046875
6029.818359375
6027.5830078125
6032.0537109375
6033.0537109375
6044.23046875
6039.509765625
6037.3994140625
6041.6201171875
6042.6201171875
6048.951171875
6046.5908203125
6051.3115234375
6052.3115234375
6073.5546875
6063.86328125
6059.267578125
6057.2197265625
6061.3154296875
6062.3154296875
6068.458984375
6066.1611328125
6070.7568359375
6071.7568359375
6083.24609375
6078.400390625
6076.2275390625
6080.5732421875
6081.5732421875
6088.091796875
6085.6689453125
6090.5146484375
6091.5146484375
6171.46875
6132.453125
6113.1953125
6103.81640625
6099.376953125
6097.4072265625
6101.3466796875
6108.255859375
6106.0361328125
6110.4755859375
6111.4755859375
6122.57421875
6117.884765625
6115.7900390625
6119.9794921875
6120.9794921875
6127.263671875
6124.9189453125
6129.6083984375
6130.6083984375
6151.7109375
6142.08203125
6137.517578125
6135.4853515625
6139.5498046875
6140.5498046875
6146.646484375
6144.3642578125
6148.9287109375
6149.9287109375
6161.33984375
6156.525390625
6154.3681640625
6158.6826171875
6159.6826171875
6166.154296875
6163.7470703125
6168.5615234375
6169.5615234375
6210.484375
6190.9765625
6181.47265625
6176.970703125
6174.9697265625
6178.9716796875
6179.9716796875
6185.974609375
6183.7236328125
6188.2255859375
6189.2255859375
6200.48046875
6195.728515625
6193.6025390625
6197.8544921875
6198.8544921875
6205.232421875
6202.8564453125
6207.6083984375
6208.6083984375
6229.9921875
6220.23828125
6215.611328125
6213.5478515625
6217.6748046875
6218.6748046875
6224.865234375
6222.5517578125
6227.1787109375
6228.1787109375
6239.74609375
6234.869140625
6232.6806640625
6237.0576171875
6238.0576171875
6244.623046875
6242.1845703125
6247.0615234375
6248.0615234375
6874.75
6562.375
6406.4375
6328.71875
6290.109375
6271.0546875
6261.77734375
6257.388671875
6255.4443359375
6259.3330078125
6266.166015625
6263.9716796875
6268.3603515625
6269.3603515625
6280.33203125
6275.693359375
6273.6240234375
6277.7626953125
6278.7626953125
6284.970703125
6282.6513671875
6287.2900390625
6288.2900390625
6309.1640625
6299.63671875
6295.123046875
6293.1162109375
6297.1298828125
6298.1298828125
6304.150390625
6301.8935546875
6306.4072265625
6307.4072265625
6318.69140625
6313.927734375
6311.7958984375
6316.0595703125
6317.0595703125
6323.455078125
6321.0732421875
6325.8369140625
6326.8369140625
6367.328125
6348.0234375
6338.62109375
6334.169921875
6332.1943359375
6336.1455078125
6343.072265625
6340.8466796875
6345.2978515625
6346.2978515625
6357.42578125
6352.724609375
6350.6240234375
6354.8251953125
6355.8251953125
6362.126953125
6359.7763671875
6364.4775390625
6365.4775390625
6386.6328125
6376.98046875
6372.404296875
6370.3662109375
6374.4423828125
6375.4423828125
6381.556640625
6379.2685546875
6383.8447265625
6384.8447265625
6396.28515625
6391.458984375
6389.2958984375
6393.6220703125
6394.6220703125
6401.111328125
6398.6982421875
6403.5244140625
6404.5244140625
6484.15625
6445.296875
6426.1171875
6416.77734375
6412.357421875
6410.3974609375
6414.3173828125
6421.197265625
6418.9873046875
6423.4072265625
6424.4072265625
6435.45703125
6430.787109375
6428.7021484375
6432.8720703125
6433.8720703125
6440.126953125
6437.7919921875
6442.4619140625
6443.4619140625
6464.4765625
6454.88671875
6450.341796875
6448.3193359375
6452.3642578125
6453.3642578125
6459.431640625
6457.1591796875
6461.7041015625
6462.7041015625
6474.06640625
6469.271484375
6467.1240234375
6471.4189453125
6472.4189453125
6478.861328125
6476.4638671875
6481.2587890625
6482.2587890625
6523.015625
6503.5859375
6494.12109375
6489.638671875
6487.6474609375
6491.6298828125
6498.603515625
6496.3623046875
6500.8447265625
6501.8447265625
6513.05078125
6508.318359375
6506.2021484375
6510.4345703125
6511.4345703125
6517.783203125
6515.4169921875
6520.1494140625
6521.1494140625
6542.4453125
6532.73046875
6528.123046875
6526.0693359375
6530.1767578125
6531.1767578125
6537.337890625
6535.0341796875
6539.6416015625
6540.6416015625
6552.16015625
6547.302734375
6545.1240234375
6549.4814453125
6550.4814453125
6557.017578125
6554.5888671875
6559.4462890625
6560.4462890625
6718.3125
6640.34375
6601.609375
6582.4921875
6573.18359375
6568.779296875
6566.8271484375
6570.7314453125
6577.587890625
6575.3857421875
6579.7900390625
6580.7900390625
6591.80078125
6587.146484375
6585.0693359375
6589.2236328125
6590.2236328125
6596.455078125
6594.1279296875
6598.7822265625
6599.7822265625
6620.7265625
6611.16796875
6606.638671875
6604.6240234375
6608.6533203125
6609.6533203125
6615.697265625
6613.4326171875
6617.9619140625
6618.9619140625
6630.28515625
6625.505859375
6623.3662109375
6627.6455078125
6628.6455078125
6635.064453125
6632.6748046875
6637.4541015625
6638.4541015625
6679.078125
6659.7109375
6650.27734375
6645.810546875
6643.8271484375
6647.7939453125
6654.744140625
6652.5107421875
6656.9775390625
6657.9775390625
6669.14453125
6664.427734375
6662.3193359375
6666.5361328125
6667.5361328125
6673.861328125
6671.5029296875
6676.2197265625
6677.2197265625
6698.4453125
6688.76171875
6684.169921875
6682.1240234375
6686.2158203125
6687.2158203125
6693.353515625
6691.0576171875
6695.6494140625
6696.6494140625
6708.12890625
6703.287109375
6701.1162109375
6705.4580078125
6706.4580078125
6712.970703125
6710.5498046875
6715.3916015625
6716.3916015625
6796.28125
6757.296875
6738.0546875
6728.68359375
6724.248046875
6722.2802734375
6726.2158203125
6733.119140625
6730.9013671875
6735.3369140625
6736.3369140625
6747.42578125
6742.740234375
6740.6474609375
6744.8330078125
6745.8330078125
6752.111328125
6749.7685546875
6754.4541015625
6755.4541015625
6776.5390625
6766.91796875
6762.357421875
6760.3271484375
6764.3876953125
6765.3876953125
6771.478515625
6769.1982421875
6773.7587890625
6774.7587890625
6786.16015625
6781.349609375
6779.1943359375
6783.5048828125
6784.5048828125
6790.970703125
6788.5654296875
6793.3759765625
6794.3759765625
6835.265625
6815.7734375
6806.27734375
6801.779296875
6799.7802734375
6803.7783203125
6810.775390625
6808.5263671875
6813.0244140625
6814.0244140625
6825.26953125
6820.521484375
6818.3974609375
6822.6455078125
6823.6455078125
6830.017578125
6827.6435546875
6832.3916015625
6833.3916015625
6854.7578125
6845.01171875
6840.388671875
6838.3271484375
6842.4501953125
6843.4501953125
6849.634765625
6847.3232421875
6851.9462890625
6852.9462890625
6864.50390625
6859.630859375
6857.4443359375
6861.8173828125
6862.8173828125
6869.376953125
6866.9404296875
6871.8134765625
6872.8134765625
7187.125
7030.9375
6953.09375
6914.421875
6895.3359375
6886.04296875
6881.646484375
6879.6982421875
6883.5947265625
6890.439453125
6888.2412109375
6892.6376953125
6893.6376953125
6904.62890625
6899.982421875
6897.9091796875
6902.0556640625
6903.0556640625
6909.275390625
6906.9521484375
6911.5986328125
6912.5986328125
6933.5078125
6923.96484375
6919.443359375
6917.4326171875
6921.4541015625
6922.4541015625
6928.486328125
6926.2255859375
6930.7470703125
6931.7470703125
6943.05078125
6938.279296875
6936.1435546875
6940.4150390625
6941.4150390625
6947.822265625
6945.4365234375
6950.2080078125
6951.2080078125
6991.765625
6972.4296875
6963.01171875
6958.552734375
6956.5732421875
6960.5322265625
6967.470703125
6965.2412109375
6969.7001953125
6970.7001953125
6981.84765625
6977.138671875
6975.0341796875
6979.2431640625
6980.2431640625
6986.556640625
6984.2021484375
6988.9111328125
6989.9111328125
7011.1015625
7001.43359375
6996.849609375
6994.8076171875
6998.8916015625
6999.8916015625
7006.017578125
7003.7255859375
7008.3095703125
7009.3095703125
7020.76953125
7015.935546875
7013.7685546875
7018.1025390625
7019.1025390625
7025.603515625
7023.1865234375
7028.0205078125
7029.0205078125
7108.78125
7069.859375
7050.6484375
7041.29296875
7036.865234375
7034.9013671875
7038.8291015625
7045.720703125
7043.5068359375
7047.9345703125
7048.9345703125
7060.00390625
7055.326171875
7053.2373046875
7057.4150390625
7058.4150390625
7064.681640625
7062.3427734375
7067.0205078125
7068.0205078125
7089.0703125
7079.46484375
7074.912109375
7072.8857421875
7076.9384765625
7077.9384765625
7084.017578125
7081.7412109375
7086.2939453125
7087.2939453125
7098.67578125
7093.873046875
7091.7216796875
7096.0244140625
7097.0244140625
7103.478515625
7101.0771484375
7105.8798828125
7106.8798828125
7147.703125
7128.2421875
7118.76171875
7114.271484375
7112.2763671875
7116.2666015625
7123.251953125
7121.0068359375
7125.4970703125
7126.4970703125
7137.72265625
7132.982421875
7130.8623046875
7135.1025390625
7136.1025390625
7142.462890625
7140.0927734375
7144.8330078125
7145.8330078125
7167.1640625
7157.43359375
7152.818359375
7150.7607421875
7154.8759765625
7155.8759765625
7162.048828125
7159.7412109375
7164.3564453125
7165.3564453125
7176.89453125
7172.029296875
7169.8466796875
7174.2119140625
7175.2119140625
7181.759765625
7179.3271484375
7184.1923828125
7185.1923828125
7343.3125
7265.21875
7226.421875
7207.2734375
7197.94921875
7193.537109375
7191.5810546875
7195.4931640625
7202.361328125
7200.1552734375
7204.5673828125
7205.5673828125
7216.59765625
7211.935546875
7209.8544921875
7214.0166015625
7215.0166015625
7221.259765625
7218.9287109375
7223.5908203125
7224.5908203125
7245.5703125
7235.99609375
7231.458984375
7229.4404296875
7233.4775390625
7234.4775390625
7240.533203125
7238.2646484375
7242.8017578125
7243.8017578125
7255.14453125
7250.357421875
7248.2138671875
7252.5009765625
7253.5009765625
7259.931640625
7257.5380859375
7262.3251953125
7263.3251953125
7304.015625
7284.6171875
7275.16796875
7270.693359375
7268.7060546875
7272.6806640625
7279.642578125
7277.4052734375
7281.8798828125
7282.8798828125
7294.06640625
7289.341796875
7287.2294921875
7291.4541015625
7292.4541015625
7298.791015625
7296.4287109375
7301.1533203125
7302.1533203125
7323.4140625
7313.71484375
7309.115234375
7307.0654296875
7311.1650390625
7312.1650390625
7318.314453125
7316.0146484375
7320.6142578125
7321.6142578125
7333.11328125
7328.263671875
7326.0888671875
7330.4384765625
7331.4384765625
7337.962890625
7335.5380859375
7340.3876953125
7341.3876953125
7421.40625
7382.359375
7363.0859375
7353.69921875
7349.255859375
7347.2841796875
7351.2275390625
7358.142578125
7355.9208984375
7360.3642578125
7361.3642578125
7372.47265625
7367.779296875
7365.6826171875
7369.8759765625
7370.8759765625
7377.166015625
7374.8193359375
7379.5126953125
7380.5126953125
7401.6328125
7391.99609375
7387.427734375
7385.3935546875
7389.4619140625
7390.4619140625
7396.564453125
7394.2802734375
7398.8486328125
7399.8486328125
7411.26953125
7406.451171875
7404.2919921875
7408.6103515625
7409.6103515625
7416.087890625
7413.6787109375
7418.4970703125
7419.4970703125
7460.453125
7440.9296875
7431.41796875
7426.912109375
7424.9091796875
7428.9150390625
7429.9150390625
7435.923828125
7433.6708984375
7438.1767578125
7439.1767578125
7450.44140625
7445.685546875
7443.5576171875
7447.8134765625
7448.8134765625
7455.197265625
7452.8193359375
7457.5751953125
7458.5751953125
7479.9765625
7470.21484375
7465.583984375
7463.5185546875
7467.6494140625
7468.6494140625
7474.845703125
7472.5302734375
7477.1611328125
7478.1611328125
7489.73828125
7484.857421875
7482.6669921875
7487.0478515625
7488.0478515625
7494.619140625
7492.1787109375
7497.0595703125
7498.0595703125
8750.0
8125.0
7812.75
7656.875
7579.1875
7540.59375
7521.546875
7512.2734375
7507.88671875
7505.943359375
7509.830078125
7516.66015625
7514.466796875
7518.853515625
7519.853515625
7530.8203125
7526.18359375
7524.115234375
7528.251953125
7529.251953125
7535.45703125
7533.138671875
7537.775390625
7538.775390625
7559.640625
7550.1171875
7545.60546875
7543.599609375
7547.611328125
7548.611328125
7554.62890625
7552.373046875
7556.884765625
7557.884765625
7569.1640625
7564.40234375
7562.271484375
7566.533203125
7567.533203125
7573.92578125
7571.544921875
7576.306640625
7577.306640625
7617.78125
7598.484375
7589.0859375
7584.63671875
7582.662109375
7586.611328125
7593.53515625
7591.310546875
7595.759765625
7596.759765625
7607.8828125
7603.18359375
7601.083984375
7605.283203125
7606.283203125
7612.58203125
7610.232421875
7614.931640625
7615.931640625
7637.078125
7627.4296875
7622.85546875
7620.818359375
7624.892578125
7625.892578125
7632.00390625
7629.716796875
7634.291015625
7635.291015625
7646.7265625
7641.90234375
7639.740234375
7644.064453125
7645.064453125
7651.55078125
7649.138671875
7653.962890625
7654.962890625
7734.5625
7695.71875
7676.546875
7667.2109375
7662.79296875
7660.833984375
7664.751953125
7671.62890625
7669.419921875
7673.837890625
7674.837890625
7685.8828125
7681.21484375
7679.130859375
7683.298828125
7684.298828125
7690.55078125
7688.216796875
7692.884765625
7693.884765625
7714.890625
7705.3046875
7700.76171875
7698.740234375
7702.783203125
7703.783203125
7709.84765625
7707.576171875
7712.119140625
7713.119140625
7724.4765625
7719.68359375
7717.537109375
7721.830078125
7722.830078125
7729.26953125
7726.873046875
7731.666015625
7732.666015625
7773.40625
7753.984375
7744.5234375
7740.04296875
7738.052734375
7742.033203125
7749.00390625
7746.763671875
7751.244140625
7752.244140625
7763.4453125
7758.71484375
7756.599609375
7760.830078125
7761.830078125
7768.17578125
7765.810546875
7770.541015625
7771.541015625
7792.828125
7783.1171875
7778.51171875
7776.458984375
7780.564453125
7781.564453125
7787.72265625
7785.419921875
7790.025390625
7791.025390625
7802.5390625
7797.68359375
7795.505859375
7799.861328125
7800.861328125
7807.39453125
7804.966796875
7809.822265625
7810.822265625
7968.625
7890.6875
7851.96875
7832.859375
7823.5546875
7819.15234375
7817.201171875
7821.103515625
7827.95703125
7825.755859375
7830.158203125
7831.158203125
7842.1640625
7837.51171875
7835.435546875
7839.587890625
7840.587890625
7846.81640625
7844.490234375
7849.142578125
7850.142578125
7871.078125
7861.5234375
7856.99609375
7854.982421875
7859.009765625
7860.009765625
7866.05078125
7863.787109375
7868.314453125
7869.314453125
7880.6328125
7875.85546875
7873.716796875
7877.994140625
7878.994140625
7885.41015625
7883.021484375
7887.798828125
7888.798828125
7929.40625
7910.046875
7900.6171875
7896.15234375
7894.169921875
7898.134765625
7905.08203125
7902.849609375
7907.314453125
7908.314453125
7919.4765625
7914.76171875
7912.654296875
7916.869140625
7917.869140625
7924.19140625
7921.833984375
7926.548828125
7927.548828125
7948.765625
7939.0859375
7934.49609375
7932.451171875
7936.541015625
7937.541015625
7943.67578125
7941.380859375
7945.970703125
7946.970703125
7958.4453125
7953.60546875
7951.435546875
7955.775390625
7956.775390625
7963.28515625
7960.865234375
7965.705078125
7966.705078125
8046.5625
8007.59375
7988.359375
7978.9921875
7974.55859375
7972.591796875
7976.525390625
7983.42578125
7981.208984375
7985.642578125
7986.642578125
7997.7265625
7993.04296875
7990.951171875
7995.134765625
7996.134765625
8002.41015625
8000.068359375
8004.751953125
8005.751953125
8026.828125
8017.2109375
8012.65234375
8010.623046875
8014.681640625
8015.681640625
8021.76953125
8019.490234375
8024.048828125
8025.048828125
8036.4453125
8031.63671875
8029.482421875
8033.791015625
8034.791015625
8041.25390625
8038.849609375
8043.658203125
8044.658203125
8085.53125
8066.046875
8056.5546875
8052.05859375
8050.060546875
8054.056640625
8061.05078125
8058.802734375
8063.298828125
8064.298828125
8075.5390625
8070.79296875
8068.669921875
8072.916015625
8073.916015625
8080.28515625
8077.912109375
8082.658203125
8083.658203125
8105.015625
8095.2734375
8090.65234375
8088.591796875
8092.712890625
8093.712890625
8099.89453125
8097.583984375
8102.205078125
8103.205078125
8114.7578125
8109.88671875
8107.701171875
8112.072265625
8113.072265625
8119.62890625
8117.193359375
8122.064453125
8123.064453125
8437.25
8281.125
8203.3125
8164.65625
8145.578125
8136.2890625
8131.89453125
8129.947265625
8133.841796875
8140.68359375
8138.486328125
8142.880859375
8143.880859375
8154.8671875
8150.22265625
8148.150390625
8152.294921875
8153.294921875
8159.51171875
8157.189453125
8161.833984375
8162.833984375
8183.734375
8174.1953125
8169.67578125
8167.666015625
8171.685546875
8172.685546875
8178.71484375
8176.455078125
8180.974609375
8181.974609375
8193.2734375
8188.50390625
8186.369140625
8190.638671875
8191.638671875
8198.04296875
8195.658203125
8200.427734375
8201.427734375
8241.96875
8222.640625
8213.2265625
8208.76953125
8206.791015625
8210.748046875
8217.68359375
8215.455078125
8219.912109375
8220.912109375
8232.0546875
8227.34765625
8225.244140625
8229.451171875
8230.451171875
8236.76171875
8234.408203125
8239.115234375
8240.115234375
8261.296875
8251.6328125
8247.05078125
8245.009765625
8249.091796875
8250.091796875
8256.21484375
8253.923828125
8258.505859375
8259.505859375
8270.9609375
8266.12890625
8263.962890625
8268.294921875
8269.294921875
8275.79296875
8273.376953125
8278.208984375
8279.208984375
8358.9375
8320.03125
8300.828125
8291.4765625
8287.05078125
8285.087890625
8289.013671875
8295.90234375
8293.689453125
8298.115234375
8299.115234375
8310.1796875
8305.50390625
8303.416015625
8307.591796875
8308.591796875
8314.85546875
8312.517578125
8317.193359375
8318.193359375
8339.234375
8329.6328125
8325.08203125
8323.056640625
8327.107421875
8328.107421875
8334.18359375
8331.908203125
8336.458984375
8337.458984375
8348.8359375
8344.03515625
8341.884765625
8346.185546875
8347.185546875
8353.63671875
8351.236328125
8356.037109375
8357.037109375
8397.84375
8378.390625
8368.9140625
8364.42578125
8362.431640625
8366.419921875
8373.40234375
8371.158203125
8375.646484375
8376.646484375
8387.8671875
8383.12890625
8381.009765625
8385.248046875
8386.248046875
8392.60546875
8390.236328125
8394.974609375
8395.974609375
8417.296875
8407.5703125
8402.95703125
8400.900390625
8405.013671875
8406.013671875
8412.18359375
8409.876953125
8414.490234375
8415.490234375
8427.0234375
8422.16015625
8419.978515625
8424.341796875
8425.341796875
8431.88671875
8429.455078125
8434.318359375
8435.318359375
8593.375
8515.3125
8476.53125
8457.390625
8448.0703125
8443.66015625
8441.705078125
8445.615234375
8452.48046875
8450.275390625
8454.685546875
8455.685546875
8466.7109375
8462.05078125
8459.970703125
8464.130859375
8465.130859375
8471.37109375
8469.041015625
8473.701171875
8474.701171875
8495.671875
8486.1015625
8481.56640625
8479.548828125
8483.583984375
8484.583984375
8490.63671875
8488.369140625
8492.904296875
8493.904296875
8505.2421875
8500.45703125
8498.314453125
8502.599609375
8503.599609375
8510.02734375
8507.634765625
8512.419921875
8513.419921875
8554.09375
8534.703125
8525.2578125
8520.78515625
8518.798828125
8522.771484375
8529.73046875
8527.494140625
8531.966796875
8532.966796875
8544.1484375
8539.42578125
8537.314453125
8541.537109375
8542.537109375
8548.87109375
8546.509765625
8551.232421875
8552.232421875
8573.484375
8563.7890625
8559.19140625
8557.142578125
8561.240234375
8562.240234375
8568.38671875
8566.087890625
8570.685546875
8571.685546875
8583.1796875
8578.33203125
8576.158203125
8580.505859375
8581.505859375
8588.02734375
8585.603515625
8590.451171875
8591.451171875
8671.4375
8632.40625
8613.140625
8603.7578125
8599.31640625
8597.345703125
8601.287109375
8608.19921875
8605.978515625
8610.419921875
8611.419921875
8622.5234375
8617.83203125
8615.736328125
8619.927734375
8620.927734375
8627.21484375
8624.869140625
8629.560546875
8630.560546875
8651.671875
8642.0390625
8637.47265625
8635.439453125
8639.505859375
8640.505859375
8646.60546875
8644.322265625
8648.888671875
8649.888671875
8661.3046875
8656.48828125
8654.330078125
8658.646484375
8659.646484375
8666.12109375
8663.712890625
8668.529296875
8669.529296875
8710.46875
8690.953125
8681.4453125
8676.94140625
8674.939453125
8678.943359375
8679.943359375
8685.94921875
8683.697265625
8688.201171875
8689.201171875
8700.4609375
8695.70703125
8693.580078125
8697.833984375
8698.833984375
8705.21484375
8702.837890625
8707.591796875
8708.591796875
8729.984375
8720.2265625
8715.59765625
8713.533203125
8717.662109375
8718.662109375
8724.85546875
8722.541015625
8727.169921875
8728.169921875
8739.7421875
8734.86328125
8732.673828125
8737.052734375
8738.052734375
8744.62109375
8742.181640625
8747.060546875
8748.060546875
9375.0
9062.5
8906.5
8828.75
8790.125
8771.0625
8761.78125
8757.390625
8755.4453125
8759.3359375
8766.171875
8763.9765625
8768.3671875
8769.3671875
8780.34375
8775.703125
8773.6328125
8777.7734375
8778.7734375
8784.984375
8782.6640625
8787.3046875
8788.3046875
8809.1875
8799.65625
8795.140625
8793.1328125
8797.1484375
8798.1484375
8804.171875
8801.9140625
8806.4296875
8807.4296875
8818.71875
8813.953125
8811.8203125
8816.0859375
8817.0859375
8823.484375
8821.1015625
8825.8671875
8826.8671875
8867.375
8848.0625
8838.65625
8834.203125
8832.2265625
8836.1796875
8843.109375
8840.8828125
8845.3359375
8846.3359375
8857.46875
8852.765625
8850.6640625
8854.8671875
8855.8671875
8862.171875
8859.8203125
8864.5234375
8865.5234375
8886.6875
8877.03125
8872.453125
8870.4140625
8874.4921875
8875.4921875
8881.609375
8879.3203125
8883.8984375
8884.8984375
8896.34375
8891.515625
8889.3515625
8893.6796875
8894.6796875
8901.171875
8898.7578125
8903.5859375
8904.5859375
8984.25
8945.375
8926.1875
8916.84375
8912.421875
8910.4609375
8914.3828125
8921.265625
8919.0546875
8923.4765625
8924.4765625
8935.53125
8930.859375
8928.7734375
8932.9453125
8933.9453125
8940.203125
8937.8671875
8942.5390625
8943.5390625
8964.5625
8954.96875
8950.421875
8948.3984375
8952.4453125
8953.4453125
8959.515625
8957.2421875
8961.7890625
8962.7890625
8974.15625
8969.359375
8967.2109375
8971.5078125
8972.5078125
8978.953125
8976.5546875
8981.3515625
8982.3515625
9023.125
9003.6875
8994.21875
8989.734375
8987.7421875
8991.7265625
8998.703125
8996.4609375
9000.9453125
9001.9453125
9013.15625
9008.421875
9006.3046875
9010.5390625
9011.5390625
9017.890625
9015.5234375
9020.2578125
9021.2578125
9042.5625
9032.84375
9028.234375
9026.1796875
9030.2890625
9031.2890625
9037.453125
9035.1484375
9039.7578125
9040.7578125
9052.28125
9047.421875
9045.2421875
9049.6015625
9050.6015625
9057.140625
9054.7109375
9059.5703125
9060.5703125
9218.5
9140.5
9101.75
9082.625
9073.3125
9068.90625
9066.953125
9070.859375
9077.71875
9075.515625
9079.921875
9080.921875
9091.9375
9087.28125
9085.203125
9089.359375
9090.359375
9096.59375
9094.265625
9098.921875
9099.921875
9120.875
9111.3125
9106.78125
9104.765625
9108.796875
9109.796875
9115.84375
9113.578125
9118.109375
9119.109375
9130.4375
9125.65625
9123.515625
9127.796875
9128.796875
9135.21875
9132.828125
9137.609375
9138.609375
9179.25
9159.875
9150.4375
9145.96875
9143.984375
9147.953125
9154.90625
9152.671875
9157.140625
9158.140625
9169.3125
9164.59375
9162.484375
9166.703125
9167.703125
9174.03125
9171.671875
9176.390625
9177.390625
9198.625
9188.9375
9184.34375
9182.296875
9186.390625
9187.390625
9193.53125
9191.234375
9195.828125
9196.828125
9208.3125
9203.46875
9201.296875
9205.640625
9206.640625
9213.15625
9210.734375
9215.578125
9216.578125
9296.5
9257.5
9238.25
9228.875
9224.4375
9222.46875
9226.40625
9233.3125
9231.09375
9235.53125
9236.53125
9247.625
9242.9375
9240.84375
9245.03125
9246.03125
9252.3125
9249.96875
9254.65625
9255.65625
9276.75
9267.125
9262.5625
9260.53125
9264.59375
9265.59375
9271.6875
9269.40625
9273.96875
9274.96875
9286.375
9281.5625
9279.40625
9283.71875
9284.71875
9291.1875
9288.78125
9293.59375
9294.59375
9335.5
9316.0
9306.5
9302.0
9300.0
9304.0
9305.0
9311.0
9308.75
9313.25
9314.25
9325.5
9320.75
9318.625
9322.875
9323.875
9330.25
9327.875
9332.625
9333.625
9355.0
9345.25
9340.625
9338.5625
9342.6875
9343.6875
9349.875
9347.5625
9352.1875
9353.1875
9364.75
9359.875
9357.6875
9362.0625
9363.0625
9369.625
9367.1875
9372.0625
9373.0625
9687.5
9531.25
9453.375
9414.6875
9395.59375
9386.296875
9381.8984375
9379.94921875
9383.84765625
9390.6953125
9388.49609375
9392.89453125
9393.89453125
9404.890625
9400.2421875
9398.16796875
9402.31640625
9403.31640625
9409.5390625
9407.21484375
9411.86328125
9412.86328125
9433.78125
9424.234375
9419.7109375
9417.69921875
9421.72265625
9422.72265625
9428.7578125
9426.49609375
9431.01953125
9432.01953125
9443.328125
9438.5546875
9436.41796875
9440.69140625
9441.69140625
9448.1015625
9445.71484375
9450.48828125
9451.48828125
9492.0625
9472.71875
9463.296875
9458.8359375
9456.85546875
9460.81640625
9467.7578125
9465.52734375
9469.98828125
9470.98828125
9482.140625
9477.4296875
9475.32421875
9479.53515625
9480.53515625
9486.8515625
9484.49609375
9489.20703125
9490.20703125
9511.40625
9501.734375
9497.1484375
9495.10546875
9499.19140625
9500.19140625
9506.3203125
9504.02734375
9508.61328125
9509.61328125
9521.078125
9516.2421875
9514.07421875
9518.41015625
9519.41015625
9525.9140625
9523.49609375
9528.33203125
9529.33203125
9609.125
9570.1875
9550.96875
9541.609375
9537.1796875
9535.21484375
9539.14453125
9546.0390625
9543.82421875
9548.25390625
9549.25390625
9560.328125
9555.6484375
9553.55859375
9557.73828125
9558.73828125
9565.0078125
9562.66796875
9567.34765625
9568.34765625
9589.40625
9579.796875
9575.2421875
9573.21484375
9577.26953125
9578.26953125
9584.3515625
9582.07421875
9586.62890625
9587.62890625
9599.015625
9594.2109375
9592.05859375
9596.36328125
9597.36328125
9603.8203125
9601.41796875
9606.22265625
9607.22265625
9648.0625
9628.59375
9619.109375
9614.6171875
9612.62109375
9616.61328125
9623.6015625
9621.35546875
9625.84765625
9626.84765625
9638.078125
9633.3359375
9631.21484375
9635.45703125
9636.45703125
9642.8203125
9640.44921875
9645.19140625
9646.19140625
9667.53125
9657.796875
9653.1796875
9651.12109375
9655.23828125
9656.23828125
9662.4140625
9660.10546875
9664.72265625
9665.72265625
9677.265625
9672.3984375
9670.21484375
9674.58203125
9675.58203125
9682.1328125
9679.69921875
9684.56640625
9685.56640625
9843.75
9765.625
9726.8125
9707.65625
9698.328125
9693.9140625
9691.95703125
9695.87109375
9702.7421875
9700.53515625
9704.94921875
9705.94921875
9716.984375
9712.3203125
9710.23828125
9714.40234375
9715.40234375
9721.6484375
9719.31640625
9723.98046875
9724.98046875
9745.96875
9736.390625
9731.8515625
9729.83203125
9733.87109375
9734.87109375
9740.9296875
9738.66015625
9743.19921875
9744.19921875
9755.546875
9750.7578125
9748.61328125
9752.90234375
9753.90234375
9760.3359375
9757.94140625
9762.73046875
9763.73046875
9804.4375
9785.03125
9775.578125
9771.1015625
9769.11328125
9773.08984375
9780.0546875
9777.81640625
9782.29296875
9783.29296875
9794.484375
9789.7578125
9787.64453125
9791.87109375
9792.87109375
9799.2109375
9796.84765625
9801.57421875
9802.57421875
9823.84375
9814.140625
9809.5390625
9807.48828125
9811.58984375
9812.58984375
9818.7421875
9816.44140625
9821.04296875
9822.04296875
9833.546875
9828.6953125
9826.51953125
9830.87109375
9831.87109375
9838.3984375
9835.97265625
9840.82421875
9841.82421875
9921.875
9882.8125
9863.53125
9854.140625
9849.6953125
9847.72265625
9851.66796875
9858.5859375
9856.36328125
9860.80859375
9861.80859375
9872.921875
9868.2265625
9866.12890625
9870.32421875
9871.32421875
9877.6171875
9875.26953125
9879.96484375
9880.96484375
9902.09375
9892.453125
9887.8828125
9885.84765625
9889.91796875
9890.91796875
9897.0234375
9894.73828125
9899.30859375
9900.30859375
9911.734375
9906.9140625
9904.75390625
9909.07421875
9910.07421875
9916.5546875
9914.14453125
9918.96484375
9919.96484375
9960.9375
9941.40625
9931.890625
9927.3828125
9925.37890625
9929.38671875
9930.38671875
9936.3984375
9934.14453125
9938.65234375
9939.65234375
9950.921875
9946.1640625
9944.03515625
9948.29296875
9949.29296875
9955.6796875
9953.30078125
9958.05859375
9959.05859375
9980.46875
9970.703125
9966.0703125
9964.00390625
9968.13671875
9969.13671875
9975.3359375
9973.01953125
9977.65234375
9978.65234375
9990.234375
9985.3515625
9983.16015625
9987.54296875
9988.54296875
9995.1171875
9992.67578125
9997.55859375
9998.55859375
