97.27155350537956
-96.49074536242854
17.5772986211379
-76.4132510326126
15.348600254780735
73.50070678317877
-22.333670732264864
-72.62882109043957
-64.73042147280307
89.10302174954637
-33.67690809987431
23.89086511251402
-65.6280026317022
50.72909744424214
72.86404621368567
67.21395455599998
75.30939942126776
80.88564269059927
-83.66111452946205
36.22201363392449
-27.151721331087558
-70.81655252752196
-0.3532053873938992
33.226080455751344
74.33242789138461
83.85666044813286
79.87444059992902
12.578532621468014
-72.47351510919742
35.190769287803334
-16.935993062327938
-22.413459067098486
-29.075666077322325
-96.89340493448722
-18.861677628486163
12.3243524938553
-50.05785659560733
35.70160595555919
84.4782786870795
-87.14541632076072
55.84641046860338
-2.831175300168937
-46.068636892558914
45.67131913710065
-2.1490726256950126
-27.26579937636518
-80.80149143120623
-38.802302292866855
59.552668026814445
-81.60644946041198
-64.7780620481017
45.42274362758863
7.3348346718497055
-78.60553332042898
-6.095746357513747
-70.4196545594133
-34.475718912839625
-63.462226003174926
23.15155217769538
27.34729622632979
-83.55460361944351
0.9485084810089575
21.094557127988708
-22.706906352847113
66.47754920406189
55.17114980077318
83.40274750802254
50.46235360518915
-10.749435291489746
-25.422030265258286
54.20059298030347
-61.6159301357345
8.809146838549424
-84.36254115207136
-99.22272722980846
-31.12643260667467
6.36583013621923
-52.40850832192825
-84.15173067247419
-66.60314768021246
-50.191276300729214
27.56588101375445
-60.324079817212905
64.49288693619769
-76.0770178434627
9.456716570936962
98.55368340521485
53.33780195651579
43.72586205142437
52.56595951886442
-64.8418872640803
90.91068913088841
41.12767391362803
58.43411282229337
6.660790511762201
98.06791969946411
-15.452369976744706
83.90364257869908
49.637991280204034
93.5575088132704
28.552021461676162
-88.64839364706458
-15.804025036417642
-37.19863977092557
-82.95052384559433
-39.5545947896299
-2.783376264998722
-45.65245223319281
-13.787492738087465
-8.364802668827437
98.52777036446366
7.651875026252284
2.7041155867160143
61.1860804172523
-63.153210925497774
26.86937715290287
-16.558722447605433
99.2566271930192
-54.05234363755569
-54.7586261563507
59.05289251368572
18.22876810187799
-5.7570649456386604
-41.56040145034723
40.571948071778166
-66.00269875610817
71.69371752482058
-21.004084679235064
-37.4761671020625
-12.49607287853803
94.05460488436856
-17.500398076604668
-51.94728600391399
71.78606313029599
-73.81358519906804
57.239541897533115
91.29510741310989
40.78503889775544
-74.08165492371668
-18.69576932600559
60.95005801577102
18.91048387807976
36.51379342386346
-85.4248262101135
-33.59200272197481
-30.67824172179256
58.83577613031923
59.92260764003555
-25.632940481568653
-69.19383574504185
-51.30213119222571
61.67421980149342
-79.44340024218599
25.3272093135662
-74.84750623924852
-14.724352071187496
22.34943540682788
-0.08400480997067916
-32.872387074456725
37.75300294824109
-79.43242765324004
47.15658932629569
-73.28124676282627
32.934804552716855
96.21665347514633
-73.1659065801077
2.1950873402276017
59.08213433007327
-65.9259646234613
20.556373849771575
-94.6499796759329
-86.19608349035653
59.37281680783434
53.64066226708982
51.20451136115517
-18.070036295366805
63.88387388361062
44.632752151583645
77.72641531372625
77.66638616106528
35.77382251075073
-42.27586301838544
-42.95972651082294
96.32862834977439
50.40374723394572
-36.01765267879671
-58.15458278191154
-63.098876385649326
96.36479211524494
96.00939663120556
-17.189320418383062
-90.52625451042972
-72.67755200041648
-60.759748785573954
45.62832749404714
-36.67241737219158
-97.62762785305577
80.10613368614014
14.390818152821282
52.373762709070036
-93.13292368283517
-73.59227814070239
49.21870718440067
60.80498387875372
90.8692692116488
-9.789304834213013
-48.11261431579226
-2.1177617042966688
79.0545351019276
-74.50078341538686
-1.3020323792866577
-56.05224129282467
-31.132400320706964
62.62021091406035
56.149918444217036
60.82374456695837
41.65980339609149
74.3028547102042
63.46117882809128
-33.42114753086365
3.733678157757339
-21.682351095268416
36.212018591456825
-39.919432161477594
50.72117712318632
-52.98374073906147
77.3775152339943
-23.1797052246485
-84.31556685571053
70.96803669573592
-10.522371488141317
-46.738798564404036
-95.73723257092608
-57.495476288915334
27.617291825757533
5.414966477248512
-20.99717478986372
28.090928759862948
-98.0421206143394
3.654906514930232
-72.92461645695711
89.60423274574708
-23.81525666534776
35.57623165196247
-83.85756054942476
32.93906234248644
29.478565346059895
-61.54866569821953
-21.483862739850835
-36.20905863019006
-38.00150029009417
-41.892829653373376
93.19766872241465
61.68410095313416
5.33685581259158
24.639695805596418
-6.126088665462845
-76.82309856661183
22.855906095860064
-23.611979347748573
-91.26140889173627
-3.753824551488563
8.604923324851384
-96.05872313774049
64.36560798859847
45.42278389447952
76.30646327599422
13.749053887051858
78.73472430027905
20.007573995114967
-72.26263269510625
34.037796672611734
48.51503483277716
-38.12056059680007
4.243857968442512
-66.0239074577351
45.8723165916862
88.95933491561198
-59.49673900299586
-85.3038593358607
-96.11510952834689
-56.842779006917034
98.11436609218813
71.36945143333006
-24.69986508497111
-23.90413817551955
-77.00806276461385
20.184920988407256
-88.32510385926142
-11.882119729379824
70.46050071273277
74.73116483110906
95.38777822713149
32.32404860994899
86.07209103792408
18.438428380491985
15.99203139558081
-6.0538379482194955
57.89900573057443
-6.126277844730367
-89.3508652667874
68.60482289799691
-87.42344578279346
-72.22110687577339
25.687885737988083
16.90254276605991
-33.50107917704452
-7.320204518107715
-50.97095853880158
-49.206567801773545
-95.45778851425861
-78.03550294908143
-70.95157857029788
44.9477274820388
-83.09195380040802
-68.54670866072837
-6.355931714272671
-38.81225774795203
-34.45763140319653
75.50187796608424
-77.69154561298934
-99.33666759212902
87.34321674258354
87.13267426069521
42.06619822823927
89.31307697271947
-5.472324176112764
-62.79843414088846
38.2608646534197
-38.85700451151195
67.38672216553064
82.76854208897632
13.391078683590024
-20.633718438197477
1.8431620645866786
-48.50259605681768
65.64921679257455
-55.902454753462315
-74.407170777108
16.96971234773612
94.58532998191512
-42.48495583335503
-69.87447586134556
99.48606558650383
48.06815433292448
-17.590040362590727
89.86053651326407
67.48791073615683
-3.1849697019167706
-51.85159467916194
79.05960663747354
-2.0246180080639533
-8.408241910175107
58.94769733178228
-3.0172305112510287
82.93625944816759
-28.934489987590453
8.76463978487942
3.6442974934898302
-87.9321703424159
-97.84769254921738
-44.390446414893006
92.41760423453093
77.62599092590955
81.60939507933293
79.8416417081643
-27.472625146540537
10.05269416423269
38.32814325610374
48.0045890049669
58.85275600027023
13.69745219476512
-75.76184771117659
35.27093299633208
66.29115301954101
-17.537792859318955
-3.6468657407189085
83.5282337156645
93.4429183006306
-43.627032988731365
-88.68632702307038
-67.48543721220898
26.72972509747804
-31.683210654036657
75.46137813081842
76.71030807006804
78.29508515160555
87.0894964808343
-92.10827366409598
-17.432438104196834
-36.009305787156464
-12.98121954662534
3.322269610514269
-54.395587080493634
48.43065863591988
-38.47561200965608
-46.775165927792315
46.38192187444443
56.52294321007071
-81.6553872356953
-22.168793378169084
-26.485303756828984
-55.98332973708231
-2.340365519349106
-86.46740565923541
11.563393139125864
-22.015064947604415
48.94597692353534
3.096909337108116
26.046725078535076
-50.24850432495063
-15.108607770906588
-55.86185234998777
-26.735894856755692
40.87382722298881
-76.09612528339223
99.19172648386115
-8.093768188662608
-18.734805338624753
-77.29811493903856
39.61460050361762
86.92069470488872
63.21063565910222
-5.122318182973046
-92.47227457041033
53.72587744978128
-85.234623469132
95.83302824244424
72.72465141992004
35.78520453728095
-5.26812627713214
27.071323704120204
36.580011624597375
58.455613121118375
44.25658606874077
18.322024889028228
10.399276969238457
-19.005896866471943
33.68545024114627
16.56897493434262
-94.01065681295766
-23.887943834424235
-30.036215212841896
-98.75054139776265
-23.160445324205696
-13.384580712955739
12.955880012929086
-16.494515641544808
65.1878225762016
78.74718702165538
-2.017529282043
-20.608024568461715
-24.399607445163696
75.20750738571513
32.51928210544281
-66.55298811938943
-63.21246526097259
-60.27223487794107
-50.172871983722466
11.428457459556299
90.20541921392447
-24.067776308269416
-94.56890148991317
-32.92490005612028
66.29236684536471
69.65285949038412
-96.1990139182804
55.74080930883602
-37.86101941694875
46.605200485210986
29.975660897234604
-40.439659631434075
96.40507649632096
-99.33577947728314
-23.420847992191085
-80.61845147121925
-95.34218678830185
-51.08655972341971
36.430129420309385
70.2515045383993
-49.299661264889274
66.1474491094483
-69.3000281025956
-16.796480701315346
-17.998719003715905
-89.42325597155356
-67.78728111015577
-8.539478190702908
1.9498977312340884
-0.5817534600853946
10.877210684325632
-77.9681314445388
-5.857119732800143
-23.0210309475503
-31.721389054122668
-24.827975387783425
-19.613119750674628
-22.991576095880248
-35.65838678912081
51.63448805035344
15.808805873096986
64.74896642742328
-60.89557489763935
-45.86110283140952
-98.97614498642334
69.94473861545
62.95896436873193
-18.277455715459908
5.598950771996954
-0.3584140051074485
49.091608354564414
21.435134381489334
-83.0450162694789
37.10116036327619
-63.074978060444934
8.131069502289876
-5.8156538046287665
-44.1759851219802
-3.511923336553096
-82.29695422354133
90.6233329736117
23.696415119600857
-79.57900927540166
-36.65051540217477
98.27447469230373
-52.419932753899154
30.503476837080484
-38.79025179141937
-70.4573752197113
-16.251148269000865
30.36969055499489
69.57662663497348
-98.13239262489229
34.55404916181314
95.69889664069979
-35.298393400536
18.06531305238282
38.47753756626733
66.03896805032792
-42.20064682736264
-32.2434037553017
21.029009712426785
-30.474500436713896
-14.632121409555282
19.534535660256452
-33.525403599367436
-9.038892698229944
38.00576810671856
27.53368700180205
89.70380013912552
50.92212073762175
-98.02970338194801
99.36965994332002
3.0009186124752034
-13.668478245907338
-66.95947008239969
-67.67432884591847
68.00571305461949
-93.3676459301906
-99.47635653527536
82.55245876929519
29.306665371911834
-80.1805612900722
-0.006976388191162641
53.27734619341919
-41.41044147074962
-33.193867921275285
-92.42789313183629
-64.21826169729525
-89.88634870396346
-64.69984243365397
91.33828428977725
93.79318471739711
30.60442659407542
-72.79430946685909
27.88289024206334
-21.94224119304522
-53.11287924670531
4.576410338055041
43.9921126399382
-9.539783471022048
-27.537572045899765
86.68381039005757
39.435316824014365
-49.662842106473626
-55.351798496844395
48.24157666172496
-69.71328910953679
25.971900654379866
-40.70591432089763
-50.914763973347156
-49.40724059404995
-92.47557953951127
76.65191715497355
-8.399808575528397
-96.46478453080991
-2.0477090635548194
-59.27101201244134
-48.37890545844223
36.58129288151929
-23.942683709661594
14.02605729825315
21.35666451833795
-31.216898953234534
-88.14117057302222
-22.515219057253802
24.78743282741496
-14.78874523911206
40.52787914281103
-86.47780848759422
84.16712513895689
-32.116423547659096
33.87673215128015
51.84643664008294
70.3663086997783
36.706270805640344
-52.885313151733456
14.525996642660658
46.39869418955806
-27.042419842178276
-86.92879247327181
-47.887039686247746
6.359315207855914
-24.80666232155319
-56.797087130968116
72.24917913153749
-93.7771849106758
-47.08822094898628
51.99002151458404
-59.48982714658069
51.47495316058587
-44.58738522834504
38.425555296010316
59.10527980069219
-89.7153200856925
4.534209637931298
-10.76983602750255
75.65297817230177
79.64996012595392
-57.75392656345466
14.777762642784253
-52.89665231839174
8.811799636850708
94.43068775947393
-55.15319176961866
-85.20917202171591
-81.09348051717603
26.231174462590317
-29.297295207958783
-59.28138343204734
-59.933752555723196
-64.59569774129477
-44.54919273426854
89.73222257031699
-99.88546933091786
-29.405111970491674
11.556021209578347
23.6911159769776
30.486234976022132
10.743245117003482
37.85042619779949
49.69031128815354
-67.05638299963408
25.47380705618039
97.88989695160143
94.41183509992288
15.66895971562478
-14.635563170580326
-19.421878535150512
23.862080971737768
65.48189599833736
4.64855982477485
-66.24604089258077
45.26768967541514
-65.84700080563334
-61.343268503754445
-38.69579137390862
40.276035775352426
27.080187852207317
-72.84746440732384
-65.09499468864567
-18.90639737488445
21.189934117444963
-57.00307486327398
89.11171807874089
10.258287704131902
88.88529168442457
0.26328506266155216
-42.08307023165689
66.79776503019309
17.93276828009948
-14.458539354885687
-63.039836394573534
-31.107752118737935
41.73006465126977
12.43021897087911
3.207599182986982
17.24550177719624
-97.14154304256957
-54.29666893600504
-66.62563860618056
86.22597459962896
-20.27668572893289
-1.895574760840944
4.489006832221733
55.89970134105624
96.78511135074405
51.96941185967472
44.11862500237021
-21.038754138736124
30.655503004420893
60.47673674015738
-35.380065557124226
-97.28009446816144
-39.37034350770867
38.28296016370024
-73.8450870210788
60.496777456732644
69.17257013113186
-65.75356649849965
-15.916928234466866
97.59571389614231
-99.40135585918325
-16.755610222715347
-95.8384068613883
-2.4721498496878382
68.71178693284367
-56.96828201162407
61.71675638561496
38.04594020686841
37.63401498949571
-43.8546008298139
32.70945743567705
4.046666252418987
-38.00398036370718
-72.03032950042609
78.58710782156797
65.69654700697617
66.13981037224877
51.699781513091125
-3.108317724156322
-51.196723205831084
-16.91444193257567
-43.133368340519105
-6.295206564940798
-71.65064469361731
-97.16445753327054
-19.19253521433437
92.35331526165257
74.03872269264448
-1.6799873360000106
59.4893005256306
-15.834432128827174
-49.435038420985066
-5.069065584292787
-47.14053637784459
-7.288448738335134
-89.38288406572327
-11.923525718941818
40.62329397518073
-23.18700788644243
30.734738812300407
37.64400470372337
-18.12419885392049
21.342886650965198
42.28314970097614
3.8421614582292136
16.305497557518976
7.444969305498958
43.82608999615704
-58.909526027175296
41.00689518962321
-19.7250082993568
73.0617447750117
-60.052473888210486
5.838085215094964
35.82373044564878
-75.57179191375234
41.45837136387098
-92.98069389612334
-15.175081551218497
31.881407526166527
-82.2081330864042
84.76781372394947
17.56839420729112
96.32381006938846
-24.550374558363288
22.619713151096676
93.54253616380467
-30.104395152174135
-51.8679393257127
-95.47191688089345
48.88804195114284
57.29415982400991
98.2417027405638
71.03223920708669
-25.31926971553804
99.32679332231831
-41.65358341429266
43.02189564880683
20.32841837620842
69.89871690422541
22.738094624992385
52.245602728178966
-11.430713424066028
37.562497985893316
45.304698950541166
4.395175531026268
21.142407568909235
-31.882442516600307
-76.2858207776388
-46.13112923957778
-37.298211622066525
-85.65617530202721
-75.14165226124092
-41.84384644792012
-78.74926805703222
-90.516644602598
80.77788703537882
-89.53367769207668
-36.61907203049264
-41.480336023703266
-13.815726060663039
-46.916634664947935
-25.34762030336843
49.59633316360117
-28.64235804119673
91.83750551286843
14.579350656407229
-95.89285013114596
-36.29823727838109
-25.906110592701907
4.348719438498122
-37.87691379539781
35.98058007345469
55.49119598592313
-21.767509252051823
-8.864255463571368
-77.75752944914359
-45.5427540272179
-11.566568793571136
76.18491351179216
34.17362047106235
32.42867753897082
-41.332845049166565
-39.09243725829206
14.93870162652577
33.804485867525074
-75.1248747467427
-55.29348005961878
-33.18909404872794
-72.52283799540653
-39.56368945764805
96.2545197987061
19.9270803013178
-74.50683776411242
72.99968455551635
75.46898849331342
-6.187304648793287
23.764659227816182
27.57328507229893
60.00859106390712
92.70845419989877
75.79072894100105
-82.97905967829769
-18.940495621421462
99.95950578107781
-28.53944573097786
-82.21868493581826
70.79041458368906
-20.355114715197857
-85.13966598792402
57.57842120887946
23.2979617353639
-83.60850006712289
22.40654800257171
21.78944543953672
-52.351162510551276
80.59485404878484
39.8782276220017
58.80529440945338
75.19572823886858
-92.76513881931385
76.14566853668191
49.634389365560054
-10.738439944753296
-51.721473986601765
-64.82717914615398
92.74677075394516
43.902104389292504
-9.58569690361837
-64.49703258435409
23.529140744650775
-76.53450320528741
-47.61779202956868
6.490137284304382
-50.65692887454707
-43.24787351971979
-20.11000000617635
7.6486326215091225
-2.897862550174949
-35.288762896895335
14.324561383282315
71.54953447731864
-33.44355472291778
-94.76289109427543
-16.53283296258799
-93.47471788681486
37.95280751469397
21.076007862310632
17.595924383865395
56.96498380907721
-61.781011060277535
-78.03844843151637
-65.70786306143017
-44.8177571044716
48.05572549591591
58.36911692750098
30.47906299050524
23.261895098099956
-79.13586203478235
50.13922995040366
85.92872391581972
-40.48055531213215
-97.36406410812712
-69.82360008613718
-70.69855155761914
-78.89067157653986
-74.2748809684479
-46.965270428801986
-48.64343665836179
-1.4900491985849982
50.21928635680783
-62.958710952072195
88.98348381728948
-16.850013350297303
18.699422993184186
-23.569331297003558
-17.133208386536182
16.50710256181371
16.359154490940057
73.38937713261859
83.0162653945356
-92.0693378659773
-14.641105135551541
-67.81500652845791
9.713943254892698
65.08460858161743
0.7254081819418445
-13.670951786787839
31.626662627220128
-38.18817450065395
76.28354596172329
-13.081993138120012
-58.85080132595846
-58.09166270652491
1.2873302919246328
28.450158889696183
-38.039152387402765
-14.764768942651003
-13.039122131053631
-4.180813010577438
54.92048193474639
-76.30310324766046
-1.7479192131735886
28.785111749591806
-99.94835874492902
-85.15395009953525
8.900314416873385
-59.29396248919181
-43.32955540722085
67.80730473366228
-21.9077305754885
31.654575254551844
-69.86051727780058
61.02029191456961
-8.148790606797121
35.0781721963923
17.193776143668188
-41.34096941552554
-14.802459130732856
-71.7082538357613
50.50593643338419
41.21272131061252
-65.66906337290345
37.52397378722151
-40.065418692399966
93.82400821365974
8.553613349005019
-40.335850756671455
9.218334417125646
8.614293710528997
-41.34841047354414
-85.52420291442996
47.578416018349316
-16.077744881785378
-84.97788881327773
-6.127116682844587
-59.048398930406385
-81.23338630446622
73.33297110412613
95.62579332319979
4.66089361288995
29.51031564404167
-6.334051964446161
99.27185516176237
-18.308937159368938
90.23376522917565
59.042948541423925
-16.55280630341187
-51.51209211419654
-42.471839762638794
86.4120588400911
-35.57253214946263
-57.335707013883955
-51.318851785921794
66.99120010068128
65.09446592663502
-63.78012808851328
2.8740486983184894
94.3714280120717
79.33275677858481
61.64427515540845
-45.52126603438167
-88.13678373441607
57.09535562283597
-96.34162398607327
-58.23953956406489
69.2242810651071
-54.277384269761185
-8.55608717203684
60.94804114234066
-95.98020585534795
64.13971002610353
-75.18432187726316
20.385428423900564
95.82418503522152
35.00889331372679
-52.78347612363292
1.9405802283125837
-97.4247771631221
98.26838685794783
82.1031531858282
3.318465213117676
93.99545381970532
-51.376774895574485
-75.0062417881503
72.62028267846165
-6.560477533702397
-30.88979057140446
-78.85385523819195
72.00141808640467
-61.62474929615611
51.34027448001976
-3.982236550996504
-67.35744876990913
16.716982985353596
-5.152511490086624
58.187946268570016
-2.703959595254645
94.105633478194
83.28177290915735
-59.348345929090506
62.0693532950896
-46.81826594875944
-10.918887390685299
65.58821599215818
-33.77162605103665
29.25673185622395
-50.22589134265263
76.0902233510217
51.30563140203975
28.189058163428882
8.97419593789779
-6.7063177190328105
-22.891606988695813
-33.14813173161653
-85.59436928693118
-20.33578266679666
42.53405305757366
-37.97709163294998
68.46143355773043
53.15359880046199
2.901944770660677
-82.81153456538735
-64.96693796323271
13.92784909142624
-99.59113632937684
4.292994689900183
-62.39959782655886
54.41057084566066
-16.023164418797634
-76.7326804544332
40.19611850193496
-1.3174600830804906
57.94745682174624
-5.202195483689366
-26.770724944127934
29.884157102382176
-96.54041724438743
53.17907315139027
-95.86206316496654
-94.17107105351276
70.52276752699814
-68.00063664857805
-41.29170081489308
24.62422496402567
-36.674600103581966
67.01059723466352
-84.42777433262603
67.69428282473996
77.80415642205202
-82.83717608917671
-49.070755259872946
89.14733283266537
-23.241395201728338
-71.41434553780593
82.14410850854625
82.64905114504293
-52.14788523928624
84.06867970242973
-82.38447511194975
8.606764444828613
-70.81833318533901
63.23555175857851
79.17662540950488
-52.6972525119529
76.35287954095512
-82.532938445438
71.88111675149094
-51.147247928505756
-43.87579776602155
50.49302959278799
13.860052591400262
40.92761285163385
7.44944321651306
88.43298512057882
92.3675113448711
-43.50989876504485
30.358005076261122
-78.0660010082861
-73.72263302688309
-86.30175399471669
14.303560081639617
99.98955755811423
63.99800828446962
34.9613788702151
-72.76790156191456
-68.74261701978224
-31.56752352264263
-12.026017937511568
27.350279903732
65.78799685738915
24.938902415402993
52.524131247865625
-41.45064370509364
-17.750363026058764
48.12796338743141
-47.454887501722865
-11.124378544282294
-17.391360176575276
-65.75432184958991
22.1033968598817
2.0667932074706954
67.25188577221971
-71.1712872996533
-51.2505762348475
-15.890862335950146
61.768261986548794
-31.004598033882075
91.32908944831652
-75.49240545857486
20.22484905207334
-65.50551442418096
21.44411129884618
11.854349253416103
89.44058281843604
82.12950037258943
-69.84063184707841
-99.23557506738715
61.835998928969616
30.991335289486244
87.51077676758493
50.675761959916656
95.02750713221431
-39.82081564004603
6.581728826752581
-78.98662502063843
-11.052718075243234
79.6334885943198
33.27824802116146
93.70006270661759
-25.65767646739161
-73.04245666514365
-96.32814361406025
52.165779378156344
36.707161402901164
-58.45872365150888
-38.15450324754357
-63.28749598236971
34.05436454184948
-39.91255413173749
88.54887557280716
37.99887576620432
-52.00624234050126
33.34177636205959
-45.61340524867252
69.14276228565902
44.50386614346857
-33.52864219057419
82.74717092219151
7.165361913542483
-32.28949406283877
-74.25891455532408
58.56955843944803
-9.564793647320585
-90.40377064058293
44.12261871806473
95.84270174711156
-58.89144715316013
45.998712900838
-65.23019533281024
23.3351873278977
23.687044542142658
-91.68230492440588
22.62782229159481
15.624931219444733
-74.26846087651428
-51.9973064966859
-96.29680250958086
6.571932617253424
-44.961897373077385
95.48521596836116
-3.1205643980966897
-89.41453001524708
92.75360401912755
-97.66778713167696
-13.104441414011731
-26.27283273729826
90.28448263446228
13.942880731311021
74.19323526578972
-12.405613536752824
-27.980586948488735
53.9785502452695
26.880793051780543
-98.34171445802413
-50.313853369687656
-55.6675377051306
62.85429602370368
35.07755008321854
85.68405558498401
-41.657468409461075
65.26075292746631
-48.467482298022205
-1.0739700419731548
98.45100969512796
15.567607681363157
-52.417763274723164
33.79817820608213
-69.89499644176735
-66.90145968678004
-19.090742420785816
94.07261974607638
-75.72884268202034
62.05752767348392
-44.23641759167871
-89.61990991760176
34.29944638609243
-82.97383317591775
-29.033327591725723
-33.35746314775608
99.03809334376248
-45.03401634661102
10.061457220622998
-7.236333299840709
42.742551904023884
-82.21499180010379
47.38487119241671
56.85307001522531
43.94729930723446
-81.98700336110151
-16.00031999417446
-24.226784600360247
55.779787166920215
-12.668235022021406
45.69432420688423
35.55981457113424
-60.6679472542778
-5.5893509966678465
37.210545968820384
69.69102961164631
-77.4815440835983
-9.978148460049255
-8.879969689581515
-87.46667446655647
24.553179523630547
74.55500816709414
76.33601893322947
5.468608510553551
-2.523865489566475
75.15384477223469
-80.97536700255785
-32.97305709198332
53.24014979343113
-37.15323398375683
54.14594406608521
16.649673456248834
1.794079807980495
4.95814616907326
34.20314765141808
10.033380329845201
88.40811841064922
-39.03719566611081
-47.371805249146014
57.961908921799164
25.627665199332327
84.69323713114397
68.66959723244571
-47.85539611728558
-11.274559004161063
51.29271631749273
6.791492280023533
85.56405718308656
-34.121126548408
-57.63579276080593
-16.490090796160644
94.67422936627588
66.73924342736314
21.46409543013563
35.280374673697736
-16.300347538203624
-62.105464253584344
87.16975579736001
48.88153754722461
-22.15104160526427
63.19978639071343
27.453153774959077
-13.580156596333651
-52.45770983119269
-19.634629685517993
-18.047685426572826
-53.69039171897549
68.10081270578564
-2.272633451805902
17.343661728717507
-56.42601474555926
77.87133669982833
-51.83111734443393
44.637679581687564
55.409773364557765
89.23677788198881
44.320424659103566
47.936918105382716
65.38975677101445
-79.70110929624659
4.269785996051382
51.54057212569154
71.76558875748887
-98.54508531142743
86.56129512248978
45.5745429106224
96.31713984156286
14.00972459007835
-22.259757385843358
34.93677557448177
96.3177800137139
-49.72350795049889
76.1291646729859
-95.38592767856358
78.89354864019401
20.611608847818275
77.18695029046282
-34.5231940167498
-96.0031418389389
-61.00923458146066
-65.71680639587822
42.40449275916882
-13.586690560246353
-80.02487361044102
26.547182074433124
69.19060039177617
54.74789563106947
71.34973027886667
83.8923959379799
57.1741616360452
64.70006941908136
-7.611514348951303
-76.05942392191547
71.89763829609112
2.6500258828607173
-54.644735279987124
91.68025383195933
-90.15881311048015
4.20917568101207
78.11831776686401
-58.863454227754495
74.54740157875472
-34.531658825010126
-90.24496235279042
76.8470624517814
29.294747950092926
-68.15694021029601
31.63297933802525
-59.360839440499966
21.618489934740822
32.29561539597785
84.2112504164235
-65.70580956587429
-58.53226615105904
80.52103855605677
47.14374041202444
-34.08657430302695
32.11244803633764
56.48998277455965
-70.56641989424133
-72.13766868192585
82.45434142038312
50.12233943159464
-75.75481768071734
-88.76121192421076
96.72838436934683
65.789426449475
8.9589181954087
5.975451424689183
34.483638852301
-36.183720983755904
29.76041488263465
-67.01057673733163
-76.5857707674807
-12.50649811045244
-49.26179861911007
23.25468027715101
97.40976357160855
-85.66533002164174
-58.67768550826384
95.23658863894559
-35.6664656160649
-41.47740318228139
85.53958040591681
-70.9045922201511
55.92675654156244
11.405225727188324
-63.6327114625461
-21.45900536117766
11.876032102029654
-94.94870977122736
-66.20584058310757
51.96016124176796
74.19200806999405
-30.07160100963715
-24.249705736121115
-77.5727250308947
42.76313009289686
-67.80329755004001
70.39960900111731
-76.53826843798453
-76.97906198324327
30.935215797739318
-75.18556703957427
50.82419837550475
32.761535273371095
-5.733409447007347
63.795456249252794
-76.26363134216783
25.75935551485584
-95.47640011789902
9.095307529999232
-13.71683607720388
-58.216904449075834
-62.92338351413005
-82.07372793261938
-80.81074161016444
90.19008152711422
-49.416844107689805
57.865931774593776
-16.905610996127947
-76.75645959326656
-15.757345924654771
-69.92232808150348
41.5644807391985
-44.59982063328016
-39.240215239301676
-71.74671811783156
-15.136765310678896
86.31057522827717
45.18935142039513
-7.295668382307753
69.0550130588652
-26.40696589283766
-62.77078641551519
95.2069242762945
31.87835513395217
-49.73724234828667
-13.369506026029981
-41.397078494600706
63.00986421917813
72.70709377992347
-55.78546044272361
6.8831959581576285
-6.995556098991358
-7.293665136857669
-56.90193225416274
-2.393217705888233
59.22462075399375
-55.127576615547724
-27.45752333796692
-51.4998990149639
-61.04676461382943
95.2861370266597
-95.40392949104228
51.32894192559664
19.007249860798154
44.645357149916265
54.42077222435793
-96.40807666413265
-36.51829266773785
-44.0829431910839
-22.936032879715313
-32.051399811140584
-66.0820886959733
-87.94415340599424
-40.5580161680035
-75.92728584208987
60.661532044392175
-69.8467648196937
17.67247705473345
-37.115691005943496
-27.88373815042813
13.552802622550104
-44.099449967043
20.912158416285862
27.319460104619722
65.36785136316851
37.83678839183273
39.921005295032444
67.8275047170496
56.53791938678381
37.507464190133675
33.514307504026675
-97.85370759946387
-47.62120229165505
41.11447957074486
-54.532818089191856
-30.956252296505298
-78.67651501857472
9.41322777445501
-2.51332353357634
-1.80774233441943
69.36414172740291
-61.93000704139271
-3.42004343338607
-87.8466102003705
-60.95830307965271
-91.92932979147415
6.819763573727272
47.678080686233386
-33.47974204386183
95.75952685461934
-79.50097098445418
-82.7214557206956
24.71008135596668
-14.35988411305027
-46.44374576152843
-84.08057504815598
91.66125089909443
-52.66852697566149
-88.5816971071774
-42.704267177229774
10.87799157685862
-54.59421014977863
-10.317562138475878
8.54862797343334
-0.6536441697002147
-82.28370706788606
94.3157438543183
3.239650630108798
-9.793336527220035
-38.322953249477344
68.11145006945628
18.950673961773745
6.202625949092891
-58.011195262613754
95.797961914327
28.932979892516386
44.140352723866755
19.765152242131805
0.02202596754557362
69.87234521240927
-34.00763981712831
1.3827465578459623
24.494397208032836
78.21628522476186
-68.8632181124196
-69.55149836535857
-8.648233266714982
-83.91785284888245
60.510515354485364
-79.74573489636845
-62.33667395488342
-62.97090920979793
4.850193374500208
-81.52190564357416
-81.81583902848433
-28.79859402176554
-63.96828558493554
41.0147594742987
-36.80042101370462
91.39269759957924
19.965688303858272
72.67049896276953
-0.5443676695496578
84.80814691588145
92.54395207969492
-97.15739849756022
35.98114793716067
-47.41182093414131
-14.30987606799465
73.52372235345317
75.73736195184895
67.77338304934358
21.401324230913232
94.09131197669151
-17.91855999015756
-19.137676903030183
-52.871085166925866
-12.689254121930205
-34.17883171954932
82.00922671153776
75.88151283791254
-36.04609139371715
-99.08088031927433
-72.80974847397503
51.063569568921395
48.45549873197626
2.4729991822782154
-57.9305503182054
24.49692915231985
-28.37340915076058
-77.2331830010971
-19.890693328565987
91.42244396047798
74.189319864667
-0.9749040699027205
98.024781549301
-58.648504082398524
9.985127660067377
-5.465963696522593
-15.511091342682477
-6.484444325533104
-43.7323736256642
-29.029326302437596
12.267408607885201
-59.38781436622127
35.17673642874007
39.874406876903976
-63.68609739893694
54.49534855776679
21.787900462202643
79.53682161901469
-68.81805107096632
-53.229331708286296
78.53840117454541
-69.75108585187331
-10.435796471756916
45.76997405140452
16.942950604056392
-63.00162641700986
-53.135626352738875
-95.36274911521355
-50.456886200674035
-45.14907345654364
0.10180303773587696
76.32007778361006
74.73085830887817
57.56834357618047
-30.603750969735515
87.19510946977803
9.342034161036139
83.17927387179483
83.44788006511303
59.07848958859117
1.1581196180698186
-57.38651592826216
52.4219164387564
82.50257530418094
97.86132301009866
77.48527674528492
-42.60734936670778
-61.75250725435883
87.38192959369883
9.046587063711797
72.07006189121557
56.13164547717787
24.05469703430758
76.61778840421866
23.464897664900846
-59.5168855477866
60.88875056873735
-74.42107250785502
-34.422265329149866
-29.031061714730086
31.9737632718643
63.89653870026203
66.95948508296613
-49.60328356725354
-23.64537852330335
-71.09544601470736
7.051218112037233
-62.86032670408783
73.10574128416076
98.32595728556464
-14.90267993699976
-80.60281513398454
68.86904615782404
-67.63738892513288
-55.327955035279516
-40.18318986022251
-84.1742493260277
22.44485125442715
-18.44895577903374
0.6888370163429016
-10.957603957884984
-1.176423055685575
74.290806061653
-6.3165384893816565
-44.74521699186098
22.200766326596778
43.49673907411932
61.38319257973001
-88.4556490768012
-9.968531939083064
-66.37737400648543
99.6073263512055
-33.20701050691166
-34.308289502157805
76.78102400317636
70.12276687896488
-52.560073697654516
-5.936397841709535
77.09913783190464
-58.92446228312209
-15.562861898186938
-28.013532864717348
-53.6097224543413
91.23056931570397
4.732736680494611
-14.616437109512631
-91.743350801627
-94.95102163560396
84.8824138075201
26.446461217340513
91.00722413446525
85.22312976327987
-1.7249499562912263
-35.569200513508775
-72.67618283436815
97.56858045058888
-98.93014815913155
-89.29410629102732
25.484673115417777
37.53166621263219
-42.68318249862028
93.14015542315138
82.95205956387207
-64.00699462116131
80.92749095749667
-8.381001135029791
96.73824758648641
-5.466447178008821
19.361489476961594
73.32133294120396
-12.74809043327653
-5.902415645757756
73.98243039158211
-38.430113776050725
51.93116691932903
-46.783874171761376
-45.21173320946621
9.062148424737543
-64.4789973961573
92.38391173265973
81.45985712926202
72.2387185315427
20.628398910960314
-0.9088494603953166
-56.40313980417502
-31.384998088421582
93.19154552665526
-15.187656770368037
-16.57976775861802
-92.68599682184167
-66.10656964935704
64.81815447974898
86.01159133856589
94.69693013684048
69.61528413466442
88.03582871168825
-29.504641984691958
-27.99467351944746
-22.54991378935891
63.346316785586936
-13.518508614649605
14.16017042361726
-38.79554416005118
6.026664232282869
-14.265021928054551
-68.59959912993862
-67.24265036067152
70.44259831914016
99.17045791737718
58.01557231986246
-69.05128143922737
75.20091215666332
24.81033919188262
32.64414358709945
60.71046224207976
28.82559224366446
69.52184546458432
12.487426278580287
-81.52575052731159
-43.86235031140879
-65.00531122931298
54.02243981830358
-6.92528152569956
4.316641731024021
96.1888861456608
60.31789769948426
-31.09388199595122
25.3129731373744
-83.84038756822332
-69.02366961053198
91.60728806613261
-25.20172755686177
-69.02066531136992
-95.92523753789919
67.60602923232983
-58.133690542590124
13.884024947042334
90.02064905196099
-87.80749136653215
76.65674453749014
-36.71812014559126
-62.99463382568338
-16.060653531911797
97.73581143742896
-8.407278286310358
37.591089961899314
-64.54456815622021
95.55121127490861
85.94039958291836
-4.3675936653403795
60.057407769099086
-6.246411261401036
86.39772344553046
90.21131607817159
-62.207870189547606
-23.446351969891623
-47.40121703715505
13.314946848589784
81.53511445721676
3.6049150595084
-87.34769667365272
-80.63823662801465
-27.46917301068204
57.216188935701325
-79.54965114545485
-55.98750915756552
68.87215194908282
78.95382428411773
-20.57092936001223
-67.15748645504593
48.42207422363097
-91.72580247196973
63.96835949484989
-68.14764987384305
-27.22990081587801
-88.14284451683412
28.708793903398544
-94.95036060059425
-26.360118351032867
66.62467572828461
-29.66591073920128
-15.133263910390625
-91.27727825242144
17.872474411261408
-65.03555303423789
-53.56296640569225
-13.301018561557981
-91.80078225443246
39.51057285436832
17.46774241635785
39.65444085311606
89.65713643289587
92.52024631258334
-73.44774714038078
38.71153873407519
-70.8301519218889
29.4021799502421
5.161887748530219
47.178426595210254
76.46804379723628
19.56810956405708
-95.25995277306534
-84.37457233202402
-11.752879823384447
35.774107848616126
-4.90736271607976
-10.938139517713935
83.2890458985942
17.932676469587634
-88.32111397036905
2.2045656628040433
14.552049225545332
27.85629699824119
44.50806105289834
-55.96027963503391
82.03529855828643
94.8984225421911
2.678028424172112
-91.96368919238319
62.26044225835855
61.55829590349194
-62.19039691849575
55.70798199891672
-9.761496556934233
39.79831479227829
14.630224635952828
6.193807011507772
-22.089478986620065
-70.68937573843456
-95.72880413088576
-81.59931107747846
-7.406541408818512
-92.15075357570295
53.43534883742217
82.43885807119904
-55.38187617783401
-45.39129888575002
-68.39368851416603
96.89370054967478
-57.7413087322558
-39.316039848602635
-85.4375030835318
12.915332284252528
-72.61704122859439
44.27036625741556
77.98412000761442
-85.27323114589038
-76.98411697411032
18.260475966118307
-88.19740647980932
49.172279665818905
40.14953414939342
69.8023227519696
-65.98151756982087
-51.23271884309657
-15.546720609362396
74.41127210481886
-19.828882996026366
21.800819683528786
77.47455308388035
-24.284719059990394
-3.277000300425925
-54.33156623554795
-4.472712224861851
-8.734048160759556
-56.838592407050534
-82.1733459781224
-82.06526775369659
-22.6259032760032
-84.75405330310647
-17.7383969439056
-37.49056789996834
61.98535205128795
84.08740400440158
-20.17177375159436
14.159165437791259
-42.926385859280614
-85.57793439561898
-29.00803927835591
28.191235584993507
68.41868262157678
46.05951756597065
54.91631570554583
41.90504876610822
89.46941812052006
59.3543055097025
-14.625532453071983
20.805936705797805
-0.77592676313607
43.105096527665296
-39.9639789128299
-14.979348089169676
-80.47729731869836
-61.7622815693879
34.020911246207476
39.80601341853398
-92.84506228513425
-57.59785812024904
