54.71409174999664
81.06632888986152
-52.02759720580268
9.343818781228478
-26.013063213413588
-65.79675232063084
77.73837821639634
60.612892599194424
-1.11031154302934
-58.76034768309029
57.488350800501195
-29.126642944063022
15.079025674615167
52.21269638316056
-80.43925041570665
-45.354316734729316
97.80540710817039
-13.724033787478774
-1.667941353960444
68.16910202369291
19.47970928166403
76.66741400893
-26.198759689240276
0.9696898264121074
48.09863448150824
20.334964941666385
-88.63179792674454
-97.2751050808215
-16.044187194531318
-53.253460331156276
-22.0230772848941
-5.89773647578609
-93.11388373325337
-78.2834210581965
59.58766564600202
-81.2611641924978
52.480722140811054
86.47674287645225
83.13696049234002
-39.42013884323152
90.21527813351088
-28.54525482864696
-7.949784434669823
-24.18868229931786
-80.8238725678218
-39.999453335684066
-50.4888170545533
-63.08736182762633
74.33603085532974
-52.71262875582241
31.00388019602434
-32.40733999425123
-87.37544113090716
26.694128227961826
54.151315617466366
-59.209501522992426
32.94955495328364
-17.94231671455158
-16.908920016680497
90.1049506183717
61.00602521312436
90.87680095233844
-15.502708020483922
49.133262114956494
3.913023627349503
36.240387224275935
-63.964488338114236
38.95877684679857
-13.93511452216714
52.71370970126361
-85.13523053459748
-97.84464114844997
-85.23021377192717
-75.81217682740792
-22.233458101902087
-97.69046519353432
30.488180498713433
-76.13389172360483
-73.0030559902796
-48.39278590022469
-51.25106580060637
5.964618091993827
1.9102580591287222
-23.073416103913274
-22.281716042908812
22.422260253325007
40.42152850422494
27.93403792848943
-32.66013768817295
-60.1384998294793
46.9949383293129
-58.42144027795997
31.65863159416196
-95.59829635803547
97.85903667373276
-35.86232100216526
-38.775260877683905
71.47767381571515
-20.410559085287233
-21.519373520016472
