17.545369761953893
-55.52441682314668
36.26284698926415
9.276272299924344
-99.32250555490268
44.10865960384123
-95.38985507500522
27.92289767477895
58.666189327615456
-83.11888008285106
-23.15397750014378
-41.863076177751864
39.4908381152417
-81.79008334595055
29.5193282838176
66.88897808610162
-34.20358096582106
72.7737940008488
-70.25513689619929
66.81564668810046
-66.76001478738024
81.72727312466515
82.50185944574454
-33.21610996329471
46.416562897125715
-19.641884154182335
88.89782174001118
-17.92527934997321
-3.793842866824207
-34.96799865221479
-3.199120472653874
-92.16070546286252
-3.173228587365969
-88.14545384046795
-71.58860694302467
-26.51647704503675
-32.58993384113256
0.7173394129560222
-86.40183226475217
45.954160789206696
-37.660656670049406
-77.69883792165416
-42.264460608831065
-82.80988890371759
39.996011479199865
98.68341269362784
-42.81845665160331
37.16434823719388
-55.70797796746017
47.88704774030285
58.52930829548336
65.40733158548878
-36.188945375468236
76.1643902732101
-48.8185239431608
11.999724035801833
8.984723221109576
-23.0426660390129
-41.386985793890155
42.635205272286385
26.87985674010949
-21.87449223606947
-36.28061007137866
25.065983913349513
66.65467851519125
-1.0835300708732234
-11.286517542136494
57.06111589384193
-81.56986525860712
12.629763906310657
64.40719021404098
27.97264011071141
3.546422190819868
98.26347271710418
-60.93577675229316
80.61621279480676
30.781818283060062
-65.33811962000853
26.743532198812574
40.64609064560614
-37.678286143268515
74.71288854369152
10.179058915898139
65.40841451735477
1.1931102155976419
-50.23321843280555
-27.19522654051225
47.62742227582953
60.32600437468966
9.516220660521284
-75.6700197293855
86.14211054639554
-71.52582790035065
-5.781753141314596
-34.569194349743796
-51.904838711994806
53.2740819162824
-37.73162016379621
-27.41794203212349
39.94043990242224
-87.72276219750879
-90.32091699626221
-0.8262348682427216
44.52141120052556
-60.56917078837183
63.57328859879459
-16.04937022158343
-34.85360681505878
99.04495985682962
-27.069096765776052
16.02798722557479
25.676276627250118
-28.95131290532005
-72.04915779988433
5.517649594511397
35.19397410165993
56.7170593312554
78.13680986425751
-44.666470861561656
-74.70371518512002
39.59948763900047
16.459033716701455
-0.8761620288384222
0.6610096249502107
54.107729002542925
15.186487931144924
73.58864001650568
-46.101689660129395
58.019032717377
13.074939166742581
-64.88854926679466
-76.61827493263051
2.548148484728131
96.50178834091571
-97.92136773532893
-78.50380136941293
-49.43581048582959
19.64884616258169
-60.81564392902203
92.37078938036635
83.85243992821836
55.633184735783004
81.71806824762058
-0.09640323575598586
68.79071294620292
-29.911491106149995
28.93332442254058
-85.67973018325353
-61.63404855146635
-93.8698667982125
-73.91426324937737
-54.1349229987742
-27.86411351873342
-61.06506627733206
59.70630965709009
-27.899426709078227
85.08737823923278
-22.4781957575253
-61.40275802801553
51.02346725800592
-34.0626597815852
5.890623389682375
-14.62941557809421
-92.65148379759967
-75.42514240057115
25.96060634377082
-98.84651482959619
-93.44983070949344
6.8402786316200235
-95.24286698389692
91.19158538633519
-4.943079305615456
-11.320213916555204
85.42694903344434
-0.22387703981929974
-2.4164161925761505
-54.84441221011052
15.887911708667545
-49.20088224206367
37.422349248649226
88.81757963605583
-10.354911236105295
32.72103376538814
26.147783766406036
-41.15674808978975
12.255079159683689
-56.64980862888298
47.00217161344676
-75.07017141466417
20.92500000675264
-82.91769390993684
56.318651327285494
74.61230093603396
2.859635534254295
45.67202402855409
41.67418087025433
-50.49535656259947
13.38208562167955
-26.22351366845467
-12.666031689684033
-62.34999256694061
55.799253243952364
45.337427691533435
79.33768316567983
89.63838335480168
-93.27203505910573
-52.58293383939776
64.41114665916982
95.9710027453277
94.04610467439471
72.91291657991445
72.72799418171724
-98.90121762875461
21.865854771722738
-82.41477914468962
-59.23777356468618
42.801072622335596
-24.693432466694148
0.653018699229662
-51.30102124017499
55.30057323016311
76.00747058308625
2.744110522903597
-59.17462938514624
62.22813188602893
-80.64610056284643
8.759389247530862
28.475237820769053
-35.83760595555607
-31.08409923957241
-87.70956092649973
32.79050852857205
-99.57128394906714
-2.968466480071143
-89.86256966019468
-82.3686355687934
-45.46616670613961
64.83783649991082
-39.07672351446283
50.533650472558634
-34.181339505213955
-24.302563621559244
81.19681837898233
-62.22210462288555
-95.92431649726885
84.17144192999487
17.543446759720524
1.3071080434005466
-71.41414491988462
-73.18602401708252
-50.44814567953904
-23.213012502846084
77.7462552400842
9.556942376624164
72.47118403668523
-41.429375509727315
88.05285655240544
-96.75594774215448
53.1179513682504
56.878092895425766
-16.76437639476154
-1.8329331111951177
97.08005310790372
78.31685950162716
-9.895677185530133
12.838690114321707
29.661197485646625
18.28481263189869
91.92131038782327
79.8685248268176
-71.53117233285784
-56.32065405352271
44.24079448030787
-55.0900099301437
47.44872698358017
82.67769512362693
-51.99998001149895
-14.982810152310506
40.94299098422519
-99.65104951734112
-81.2746905195468
-84.26682171627289
15.780601154051226
-47.35304947925354
12.111459214833005
54.102898247185095
-14.393164508886798
-53.580391551489434
-31.234560500361198
-22.822672581991228
49.21414605928146
61.21918515539622
-86.01647369155508
-59.771816685675994
77.02023200576119
8.246093156595549
12.554110130740241
-11.639726017286605
-94.3142360326683
92.60467393150779
36.49658251354998
-13.81603886819478
-61.28932787562873
32.03996861894592
5.7991714585906635
40.21776156172683
-96.10173733876783
-15.889040392333158
-32.98236446205358
77.07511411148568
-94.19741170310958
69.09683286646862
-1.6322806285063507
-80.06442942944787
-65.46668737385724
-9.077535371871065
95.16247690746115
27.812437195493672
-95.37512834054995
41.95923965165585
-12.654647339386031
52.26112811076001
36.612741870451345
55.238302817464444
-59.35506646971371
-18.167303237187582
-61.46716199651969
41.239750221674285
88.72444994819895
-47.87904585106588
2.9177474979004643
-32.814492280045314
-53.44943023825361
-4.136050795233956
-56.391198816723275
59.33198297594666
-80.6787278287317
55.407196451839724
-1.093171530099653
-80.14331918589869
74.51170546893852
11.95591257181843
-82.93200941539706
-75.56291525178352
-8.952240452208727
70.27292776204447
-81.14960521644765
-72.82445524736103
-32.3173823474512
-95.4418579542956
-78.48785760034029
82.33574247962972
49.04493872194976
-10.728200546894968
-66.92016261867664
-85.14620345889551
2.5839668398440523
-84.84214533918014
65.99783948799194
96.41976477024534
-3.957703259674531
23.947165403878913
-62.73450479202458
11.70884856434175
-79.23322060801941
92.754605294936
-65.58494879276864
81.6859052630877
54.10378230354675
43.557833367785236
-70.30120183774542
-15.412139481281926
24.496991594367984
-67.92538656427223
-81.73804055091304
-26.667544159804123
54.51634253331423
66.69466976996875
85.30294158566147
-28.96610744544266
-46.2413132504591
-33.92325208718623
-89.94069707139407
-14.75069462909022
86.89318250990979
81.59217145784075
58.913742128280006
18.97744096792988
6.741012826181603
-80.57802337684606
87.80864123052203
82.25864163001773
-1.0977919014640918
-11.649435008024128
-32.93869902930207
27.15013384169849
-68.36650506052086
76.83042641510878
11.263067052169461
82.80185144922422
74.50807237270126
48.71310203896883
-50.09116603491943
20.874144231016615
26.966822128778546
-30.255995860562763
59.107439635782896
53.831648053992495
8.584806836058377
40.15618145399009
-95.54269564858193
92.47809824124536
99.46891255401263
51.967632143242014
-61.042368658140475
3.3589738020127697
-49.16254565472007
-24.871490567995423
11.266326411083824
41.19205177803963
-67.53074364897869
2.667203035426624
7.913740108479033
-70.92184444130453
-2.478038064238902
-3.8092273598778092
-89.42636151800266
-17.8399619003129
64.18677991166811
-93.9409808716054
21.508380179350837
-10.824944600795334
-68.09692539903378
-57.43465584438794
55.3523083393238
-42.06182126116662
49.01572127477425
90.75539752361647
32.923836851447874
-64.67830906342076
-17.27442708213775
71.48377712632038
-90.96443961796095
62.46253527068447
-97.21839334634834
-14.19957812222134
-64.85684738532251
55.248541805791604
3.5192294758062985
-50.567593844829204
1.901188994065791
-74.82279751492278
57.771741728506925
-98.0127421130336
-60.32494544305014
45.227472127842674
-9.854890722337316
-77.9027259970421
-19.71600740813686
87.45443344106752
61.858622538029266
-20.76601838693651
49.2995832180805
-63.87790022525193
-31.999794781224637
62.795194356654775
52.91416200702449
-53.832426038245316
34.49911641029303
42.72865068948636
4.337417128900725
-52.7607008541417
19.537455727324797
87.18799645700634
68.21812107632246
28.39606361737384
7.282296909575166
54.241016827891656
-25.353659988649696
-7.156432888888517
73.43762618888044
22.589580785098093
-43.82401532584801
87.89793088982859
51.76669971341579
62.846632406411516
-32.66550542035877
-7.929113079923894
-28.308614773871213
-37.32264168643103
16.80148113777247
17.94693015781894
-53.67746546401755
-31.328280158274595
18.784328465526485
-44.75230388399438
-68.76935738854996
-3.2114225822489573
6.5854954133315715
28.489170409887805
94.90177828817755
-64.24914704914167
-66.05286868177402
-59.35064605876838
-30.875958932766622
95.40015476467926
44.71870328849562
-16.26754122316494
31.72924782051689
43.586712899547535
93.86901116335306
76.29428258814212
-88.68442936170804
46.53223336326204
93.88746342761453
-92.38834940302377
-5.934080797908962
46.141529296199906
68.31806284607441
-59.9115389626165
-25.027568592750484
-70.28431288641971
-89.23957651118326
67.80510922796171
13.51185122310848
0.3201834254685991
-33.39825077142325
45.18798444060786
-33.834099638482854
8.537481146345755
77.36405298559671
58.830057706027134
-66.89465414965969
-53.60958740040645
1.7345676909902465
-69.88065836946764
71.73890808229459
-79.35010067089785
70.45585440268448
33.20276020194811
48.79862786526803
88.15865945144486
15.729266105851309
-68.23843595162788
37.65154087022728
42.524250048340605
23.488421499632835
8.6921388540339
-94.27387686813427
96.89288014582385
73.08409632790486
99.48763313671162
-29.25705324630215
72.74840193687064
69.9913392012426
67.04201024344908
-67.80873396717149
-78.49809162113692
33.407060774700625
82.74525669787076
-92.07410269805956
7.141263224048927
-69.56800057095514
-46.11989581301745
35.36255063722206
-0.7180109231089915
69.07316257439109
-94.40908607825568
57.96986442795048
87.26533509128171
-75.90743751490822
-50.01787981552608
58.58515713420988
-5.4305544338442076
11.131553581988697
59.76779706562047
27.735882924537947
93.84784199503986
12.060716486627626
50.817230733851346
-77.61021732770814
95.59783497337864
17.769603860751772
12.829840032484057
23.873670943799794
-41.1201107968066
-24.583019067851254
99.00190650750889
70.09378762648825
-66.66570235005295
6.875714685944928
-5.119726435677819
24.708330376373084
-7.903570268152208
67.53282486114256
-54.835412502454226
56.34250077653209
-73.2332936046078
-14.564022727723085
15.407335209034187
-0.5383134439839381
-10.216822385201809
80.2163621609497
-21.18010353601558
4.012281765720189
55.59862010165142
6.333107853779694
-91.42051479022322
-45.275562197817166
25.42593517558683
35.32357652143406
-42.471342105720275
27.65249208250094
-86.79117714261679
-75.30724327689842
3.800579734091002
10.66264454078268
-99.18584753807099
11.208975493085347
66.28753604436574
78.13156921431752
-26.036022125960372
11.928786664915307
-20.500381288754383
28.64438540437041
-4.116990204504049
10.707802642645532
-96.74841223314246
-28.002811225401132
36.92845639907992
44.668524773609164
-72.74400774983405
30.042066612466954
31.07646651407353
95.7559314476091
43.95996486809986
11.871866098934333
97.02870791439423
3.9646511882171183
-25.923780837783312
58.17329066011064
34.255122706529676
-56.1599382307661
14.37943796480468
50.468095471385965
70.47931070066514
72.69272704769105
-16.63981753061752
-5.549116324257525
67.91524812142754
89.49187227200144
-62.24418456414842
-89.08195096774645
39.59152808157856
-13.364875370574381
-74.51902996838965
-18.08263381933503
-94.60827013264435
90.64591373870866
-77.9531696756133
98.35016704908546
-14.929748701098717
-67.99887919385426
-97.13954047773554
56.92009614115389
-62.23016375678607
90.66218283183622
-31.901164789399928
42.16369566702949
80.4945576398074
-4.582122791026194
-58.12521859793862
6.042761906917775
71.08960395175598
12.67850189531785
29.301813022784046
-72.64435973834189
85.80926296233179
-40.192072621852624
22.54849409437594
-10.869731054109181
16.70537427440935
32.897473101242554
-7.363700388223961
45.29935253259629
84.14446700617967
28.500911039534884
-3.121409494469887
-81.87154962318553
-97.8884833383211
-47.54239758414778
-79.29806935347051
36.22466494154878
-85.87603601145952
-84.99244640693055
6.139297523155477
14.403975854144917
-31.016222297071238
50.73993091213879
-38.519204919171315
62.783373524406784
12.48219066287733
-98.13531068199228
37.642594802363675
3.1352239248205365
6.013228053548843
90.62423912606107
-91.9638296337419
-57.128459198270406
-73.03218207053708
19.850433355866898
7.673775725736448
55.83668844911972
53.41205666525701
-21.939809084849045
24.368044851615437
-10.037912395000959
68.65554035193983
71.35592459004349
-13.929495247503382
-12.697338463715042
-68.72265549110534
43.915823632324305
79.18271431615568
67.08288080739152
83.56379410545088
59.563982527016606
95.62110221416634
-78.80054832618326
-64.34558380292965
48.32331260433534
-39.799240979237105
24.584511926234583
-18.37221290305449
10.44005600558495
-41.02039597774372
93.1193337425753
28.590951458847883
-32.5426414473783
-68.09253375273954
-16.23924321632255
-42.74871066280252
10.481476600140581
45.58819063994156
-84.22135831508659
-20.011314795930616
98.57022010408943
44.127165251633244
-39.691471628020444
73.16965152416174
36.693340456754356
77.86391387788001
72.74058372327164
85.86556696693424
32.17954378129309
4.455564522985213
-84.23601648229346
-4.427976187400986
31.121995108685837
-74.31072995032434
96.69307176716711
-56.29982651136596
-36.146449066048916
-9.87564935114311
72.39858359619555
7.397238906697993
-50.96569450788979
-2.191173770330849
20.737081758600453
-40.00478952923607
20.708661346573606
51.37645846868517
-39.69639347561254
88.94740852533369
47.82633295710167
-27.705962192188423
-54.71741719186083
-22.213185320142628
-28.326375556700143
-46.1498663567818
58.72191306600797
-72.67127392076623
98.63677669984915
-82.41606970644884
-56.02878851715558
38.598696668706054
14.159678029938277
87.6501742406393
8.254099208036664
-68.21736106731468
36.36735038207729
-40.19883281970375
50.23234182141135
-99.80047021599457
-14.132475657942493
-88.5642717357035
-97.66230960522822
98.25971057996753
-60.00218953353278
-19.073710979875443
-8.037369822447602
27.747877770572885
59.4536919595499
-57.04535910632087
-75.71618015366333
82.65004206709304
7.328044111758672
54.39213978868327
89.88292259285933
74.29768594232792
77.2321019731755
-53.58798585914892
-39.857050269987006
52.75700814399127
31.17817336709726
77.06818041348086
-91.26774255459333
51.182960620694416
76.7130922171728
-35.22883939179806
-22.33148903314725
11.647503501466218
39.885921933859436
53.48219722797586
-83.8800588914538
46.6228218408657
96.3408178661285
1.193602636211267
98.51040669714564
-96.91827993525601
-4.300868082835166
60.74317643175709
-48.84908656439158
-39.105216068706824
4.633447399228103
97.94884977824302
73.41878709396298
-83.35212660404687
-34.07815290421024
16.068202168160823
-57.13849931666295
73.68195829895768
39.49943809896942
59.59267284074997
-55.238342042472866
28.128610038129437
41.43268612849684
-9.168599520032544
68.96443872118186
41.00583130020033
31.204684381072212
84.13323796839288
95.27232620345407
90.07005386061036
-16.75999542402083
77.8075030935855
16.93689928022073
-11.745481047245732
9.453704103592415
89.79668839272
45.08880899749025
58.973142117460895
-61.553766647803165
-1.5729637683545832
-4.77719408729827
-96.75691874648531
24.816672066108694
1.8654561685298603
-11.266211091220654
90.36505138862407
-27.090798093770843
-20.38186944583458
-25.74991202111181
-36.224877025678296
18.051811168749083
-24.985472175250422
-68.56555364533511
58.35925166679152
-61.54995491151241
66.7511721517777
-16.156906422540658
59.32243900806537
-25.538647257114604
46.005106927348095
-6.226339620791379
27.9970761469734
-47.80078710042053
-55.31689215558138
49.54944010969314
-17.762965527587866
-59.553688191476596
53.40935534958797
-30.118576269810916
-39.54317678492168
21.201285595998726
59.94069394465163
7.563775115144011
-54.133217934100664
77.46465105063606
-95.3810234534726
4.777392576737441
83.26008795602061
-38.390529689393645
30.224360389308856
-8.760056563825572
-76.95251525045286
-31.406806417422573
78.30401532265458
-27.096888459030737
98.96612518568921
-78.8499929568392
-54.23187720802562
43.61182084343963
-86.12036170044605
-57.75538099051292
96.52082468016911
33.15501636522134
29.099639977459276
-53.711503467074074
-7.472165011886517
9.841098117659428
-55.51923344032623
17.588123452397326
-68.95429692325553
81.92094641607454
-29.590121680408416
-46.796499391466014
-22.00323931841885
-16.39797609966398
36.19682510333914
71.4232490864558
-87.82273631287913
95.10738187659734
30.03630794127622
73.0845153798875
50.558621999787334
97.63404881546685
8.752431053616093
-95.22785375410623
-46.45518577163175
-77.55197869740903
-16.524125125080587
13.18263236426614
-19.47670592795177
-42.39490416419478
26.949933563465663
-52.5359005030348
80.43380817835467
66.31833646806743
-9.714871746934975
10.017423710073729
98.68316148767568
54.891345941614986
59.54566082370948
-31.867468915378836
-81.89907867805539
15.763516837939576
-14.142579698260633
32.65533673019584
42.80584995753321
-54.33835435834553
18.047357306092465
95.49757796415881
33.31817105919774
63.26399146124558
28.666686567748144
-76.00596105737772
45.44661914251881
-71.41020530594642
-69.95057779385756
32.92522438508544
-22.56819251716999
-11.78196646593183
-82.93988354322701
-31.29567143509591
45.34161312491645
74.09991010477091
-66.38047473164977
-18.816078588218474
26.085663777440658
-68.70683472289002
47.33278440231271
61.50842336394487
1.9354915437840106
-82.4834049227778
18.916670612538724
-20.65595592700032
83.62600342992931
-33.427939836641
-60.61614517415976
-84.92702516657266
-28.760923738097176
-80.85143063466049
-47.64280761586113
83.13956375978171
44.67210582419807
-96.8363484858791
-13.143427036665841
-34.84160016468235
99.12040600538282
-87.77054423638026
79.25688252418587
-81.68789537537513
29.212132972716176
-50.0719641794723
50.222522616006415
32.64845024918327
86.52098979263133
44.97425986665152
66.37237006923826
68.92314208891688
11.455443272833094
-48.32341386509347
-83.54646911262759
-76.40800442590204
68.22344172972888
-62.28894138126717
54.745137126344986
-29.13174565061543
7.648034502735101
0.1508908758943761
77.91071064473522
-40.35442392192821
-14.805003288672054
8.466116150562613
2.941368969786012
-0.3548531939869406
82.79107011412952
-71.92486083312704
65.15059990422495
-2.0308404812427767
-9.44054482531915
-32.28389773468356
47.8774983409362
53.45500081050531
-3.7932551948114366
-61.408050278405966
39.67058119237112
44.445404435739135
-90.44342599559276
4.388217178467741
69.12564659880778
96.11208314200769
-93.46586563914154
24.112202790373544
-75.34577773111494
9.411871554446265
-31.96177409074852
44.196446725840474
-88.88059632490004
48.24163302122781
-64.10339724733016
8.705251698218078
18.47004900700351
97.76991566421486
81.22973271979632
91.83463213922656
-52.65168029978433
51.41775939139481
89.08402707273774
51.91514531149045
-79.26415042288093
79.17847242791362
9.023927528828523
15.531136989224592
-54.2247458300565
24.81555277127501
-86.6627419733295
-45.52932584645495
56.740802676195955
-53.37965453108839
72.47889351832632
-40.31828797060706
-58.97554210491081
39.805762521449
-85.67468215741548
97.46575011183504
73.23104834452647
-40.400028546957856
-15.02347769519514
50.78923140705979
27.457870058731416
-94.09476612948463
21.055609233398826
-36.40161077077415
-32.95381818921402
-82.28087811820029
-93.81098051663194
-61.42014338081236
-17.562459441666363
86.42633046106619
-63.70946108079798
14.811055027895776
15.010727596659564
-90.89380169679191
48.773708138942794
-73.08469171111078
81.07966719025248
-44.75504133807489
44.24803286990826
7.59279668050516
99.8526708842206
93.77453351204255
-57.869840935900264
87.2800371224761
4.188010227432429
33.6741906773176
57.703865511909584
69.06634939412035
-1.750536153526582
-3.8353224796991725
-45.71408928119083
-43.4434960682174
-90.60945912898643
67.21123526358096
-52.94694824666093
35.476105016788466
59.828296111646665
-47.56560157242544
30.058119166693672
14.066276971927948
-33.5353168288605
-85.2968351026756
-22.06186508711025
-75.3888718016504
-80.45387750024014
46.22133859917943
-6.025709984806198
-98.76556431218042
-66.20288177945005
-89.80407340593115
14.214277804466874
15.663978079841485
90.12541685862715
39.088823667528146
87.82863354260303
-58.68172911992495
-37.863515893489065
-18.47296978261481
46.341039019951296
-23.25006589654741
83.61773895518633
-10.332993348838386
-24.016142305224236
30.695699902689796
72.04923366771229
-90.82928492090416
62.815858727328674
7.3277572323167846
2.54826854982997
-29.120397056487278
-23.97614569896149
-49.77381542805881
-13.799750901166135
-53.09484357745613
-8.959670336978533
-79.8794639852357
85.95251082634269
-5.448636968163072
-0.13683121252945796
24.634436017500633
23.05902231561241
57.50778623936671
-94.44327019104621
-93.77761645844274
85.55613965725405
23.580333811188908
80.25439822814545
75.27675299200683
78.59291291470046
-71.97870939322821
21.28280583393753
-4.6335567329077065
-91.69199232412294
65.168101182491
-54.6155273521467
15.519760620272649
-7.087561781401021
83.45162405104588
3.6020115626758553
-83.95393480067692
68.28577505486058
-33.92353138376809
4.515018895945744
-53.10035766500325
29.99235399258859
-76.02237012000245
-75.63934297853257
37.54251671411322
72.03599952294056
-58.90318938849462
-16.40615382837815
-2.8586912807804907
-26.568029813772043
60.9075761213538
-87.84924924372935
-42.2206110287422
-26.740488509834307
98.7627192619963
25.371377605177543
35.01262368534762
73.28861120525809
50.28809965829788
-30.003013417661137
59.036570166011444
52.178523958446334
23.61094609535006
21.682678548319885
-65.35852053491213
-76.44320954566214
-45.662131383386686
77.76156804714859
1.8112105499867255
-93.38937230057249
-49.88817064273796
-7.755758508213347
-27.24056509095503
89.75205730451376
-2.0731076030329803
-61.33713180983378
98.54481934405015
-8.084347765471975
96.31371994171687
-68.05096172882335
33.68635082020498
-5.737298716960311
-74.41772476077861
72.66041144469156
2.705738987843361
66.10406289146519
75.70311537359211
-21.333461974341233
56.74475144379883
-96.48299234329818
53.2524454867135
-4.176843964714422
-85.00506009942839
-45.106962978077306
23.356288540757774
49.88597571645289
-48.519111617932694
84.07803887669914
39.05483933110273
68.60890342727302
-57.719642704322595
-42.87189168253214
43.36097268665574
-27.294911516056914
66.7203190093229
-54.52799258571945
-91.8640984162606
9.068285639582527
47.10458570466682
11.28357227569414
58.699548418236645
82.13529896976343
34.78399528632872
-71.08989904099428
-8.13831291320966
12.71002699699224
-84.65878900491603
45.10480205933186
-32.35469980916244
-13.695276524652428
80.54334813332
34.72557146259538
41.911192790834804
-17.081880638500337
-51.48281175899183
37.15643084029833
-28.317982320327587
-31.8511016137261
6.295905367339614
-22.74673826449967
90.95154743789038
25.102704293090895
-51.07256643549676
20.637421553990706
-11.363223790541426
9.448859449552955
18.397422780008327
76.10659556985323
-81.35233258839824
-76.32385227106984
73.3646351267355
30.098898562898455
-77.74373509638177
3.011191173898169
-21.070409304554545
23.004757964696083
-31.753679902260785
-0.8726193225008672
-7.14731107201429
26.11969279298927
53.953119814764165
10.470622556333069
20.040055611192642
73.76918293987083
4.4306966713951965
9.959548806095924
47.08533878116319
28.116504573712035
94.74970876508729
80.28829143111253
-50.99367347237336
-19.09925870092806
-70.79813434919217
61.63386041318864
-67.37182309302915
7.757262120178282
-46.112438036840246
69.811375158815
-31.48707687521369
77.56380386186154
-86.87237962940581
47.481333164689204
3.6850905551316373
-69.37186968559539
-46.184328832619734
-34.505990882613546
-38.736855745093045
-68.75718310493858
13.038486339298402
-52.9861661421579
-27.265669593086074
-6.45860217309
-6.087498010590593
-25.819688839103733
8.994693574699525
-1.8920631875107858
-45.601756017103256
-50.93665773166431
-64.84892922615154
-48.81642077085855
59.84906568110543
5.053858556526464
-57.54279869492063
64.43323605181268
63.82899441078581
99.67341108328341
44.65243440338617
-46.86707837207496
74.04099765845382
-55.8795746439362
-16.3863430035327
-91.0419250748127
-7.276235218119126
-75.40070261765007
-68.58781198919617
-60.255304178179145
68.44087509066173
-18.146076300418684
-77.88001183160478
-74.41077519485695
90.42097837007111
3.280544379405484
-54.318902752972505
-63.84301446747842
25.966274825817948
-16.855197915161483
-49.66927548482314
-78.75946810895883
1.4304150125737038
81.47874057696768
-62.76944264555422
46.575542214719604
-46.61332920497332
-82.84385974133338
-69.99170972255473
-3.764879430907996
-1.8415942814559827
7.2041122572091325
-23.590292979016255
35.080098860780055
-2.04731156404452
68.89374056350604
18.35101543987379
-1.2461354826953368
-86.87437093642323
-90.07654517169901
14.610706798802227
-35.41745953522717
-58.34429029468966
46.46577076867143
-35.53019004030145
90.98239845701525
36.569697501830404
-17.94012267748697
-38.56217295049844
83.5131512595901
63.57516692721711
69.64194158018731
-26.652899460782635
66.79422301852958
-89.9033117200678
8.528675598513246
-92.60029877278086
-17.807330421192063
-95.19550742153484
-16.56266550696168
71.44987030073565
-33.161522297062945
-46.0528780003133
-60.082852961950486
-88.2545135057584
-34.3846840534183
-12.43266460262322
-74.23127123902813
55.16334581623437
-14.72145596383399
-30.355036596778405
41.59955944399883
-3.956626318934454
90.52342146755836
81.47670707511074
-6.593935390814337
10.33496483741807
70.2795869623053
51.25247528285348
56.43046991435017
-26.71090343299916
-31.847150251209428
-30.677809260589854
-46.81097385431696
-23.604823559037683
48.74234452946817
63.02177416681772
62.80286828300865
11.093500119664242
-22.379158006639074
95.99596936942248
-11.832889136238748
-27.842601872054004
86.24735249312937
34.56617575211766
-4.622196446872934
54.392159891274076
95.41735036299798
-60.95607111215562
-0.5635426535334034
-74.59405892449274
96.3106294367754
75.27378141585672
85.61828768273807
40.93512435298274
-11.865028959256946
-22.366089479201307
14.615539946475934
29.463381666023906
-63.67625052587815
-91.49974726822316
19.09019118391744
-8.046803262256773
70.18769094141044
63.95436632372241
-45.327364259496015
-51.417417110973894
-38.523535982547585
53.26756168631741
-53.79003391881811
91.90326010805614
-23.002909115330624
-55.04069499739877
76.96560855469946
88.30322829013818
51.98177851479156
67.52459997536423
-59.97497925712376
0.26168107962598697
54.61887619199163
54.998594605134116
-93.15567633680129
-66.11291841460127
-88.08245143265287
83.79754347211434
-76.72583854476179
-75.58506820916293
58.651040430953856
-48.379023019890695
18.21381476143982
-11.370721399957546
-41.8603759584349
35.638322120507524
-61.4768258810986
10.69624269148943
-5.213311744500842
-66.86229658599558
29.95224716120768
68.30313170805087
-34.27826016939824
-68.2676115085989
87.72396048158902
50.160234581076736
-76.5895776496034
90.55388067547742
80.40437722981105
-37.03180218658086
77.30022535902572
-93.16804486486838
-54.03311727952433
27.084147629175305
77.79864369230793
-34.1519228865631
34.52692256239564
46.68306561102517
49.36320146019753
73.16216686304602
-91.40115150066634
-85.10158739428894
38.27333814585677
91.80589172998265
69.88847175093485
-59.279062882781886
-89.7095917727073
-52.733563907867406
-25.91220924678214
61.875151905508034
91.69314743577556
93.51795449987088
-63.7238763285801
89.52816016187182
-22.364638657039947
92.82669504870992
37.44547829085943
15.630487146932111
98.1196158200195
-9.60367209977882
-35.12071442181379
36.56365079467486
-55.33259339327397
-41.27954927616262
6.098057182779797
16.19169714976107
47.43034677988865
-26.484638302705264
-73.92061865837319
37.12234135419058
81.43600968340854
-92.84257669854401
-74.56810013697692
-8.443535333682988
10.26604542534453
62.63525207138417
-70.64655157617288
54.12787838241212
95.36800998676509
83.37375454557346
-12.206846972813963
-3.1010339463415306
93.72436694480433
13.585598529160507
-4.0681241378059525
-68.91060741567148
-95.60512475293388
4.015473436625626
-18.827836239356756
98.37470142593216
-65.63053526480103
-37.97437300999207
36.83853580194091
85.70348586372788
-37.64160669246288
-36.331695363578916
-12.654514942147415
97.83458338127434
-33.802221082532256
-76.83961741970317
-26.33279442639693
-20.93685450262062
57.38713258339459
-28.28352710958319
-45.22534003274104
-18.530885656322127
-91.91793622141849
-37.42678424935275
50.041140504177264
-27.1295075391929
-71.41296136124609
-50.57089268376209
-13.679166627590163
-6.035648057859163
59.17067994128976
62.102740388647476
43.43387084428386
-45.455825683283614
-88.96718727079964
51.473013030147115
-13.590066241426484
-92.84653770736517
-38.660072288670364
-39.18030384836393
52.054051210937615
86.71914851847134
9.426682464955022
21.872464251305786
60.47284599947196
37.85839283212641
55.539324206396174
-48.950446531456706
22.133709516206835
13.036532617781617
82.27783104390338
-60.346077205930925
-9.157823515405056
41.933814090765566
3.4284519094669292
-1.992850045682701
35.17861928361302
17.21638386055176
53.65171708714564
-23.770200506523935
78.83398387053509
42.906287760950306
93.958934793785
33.9186051290647
15.615624243688856
-86.55860110756035
-58.20389092216658
-32.90509343746719
-23.06049850539442
-4.89337810087693
-33.51997798144343
97.63489224014069
-89.19482284948981
-36.84671965508495
85.51433003864639
41.135434037138396
74.06231900164912
8.67678593351566
46.39623353816498
58.55389779119099
57.082057969032064
-75.73580883279485
91.96788803371888
4.054733363307946
-96.03787369207394
97.19973128180843
13.951433918532643
22.687847357170753
39.989086551376175
96.01236843664034
74.15336105385498
-40.76889130856194
14.29529050352815
-11.335880672443821
-45.62639411739953
-93.42738298037756
-30.451608837577268
38.81945248296111
57.32954606399997
-91.80282312127765
43.781831362429244
-49.42281515032727
61.14150134863479
-62.42913129287568
82.50993828599638
-14.653011733724682
60.31391345066919
-41.40909944635271
-2.797980427767442
-89.0063039829982
-1.6121398373751106
85.31046744770717
-84.89869102192318
-50.77445987533209
73.49810874833332
-71.68865082881356
78.64831247776806
-25.19451260053762
29.76732776767855
-31.887835340009005
-50.933243251121475
-85.87836938892362
-66.05870694875824
-7.118247081077385
82.85585161281887
-70.29170506875533
7.686301395485074
-75.33233319032377
80.01034008661034
76.6116854471465
-11.045501082027556
-92.61400202147121
-30.165398784990714
16.998582201559472
4.45833911206843
89.54807282696854
-28.63926251630393
65.90722723649611
-75.38257531952615
48.60948621088846
-80.87876778624612
7.214591217356883
-38.46006902850523
-80.16202282966759
81.6514873435653
66.68596205600906
3.116679403387735
78.1245469717339
38.48581574945996
73.35315016987678
9.88605791455035
78.62331658263025
-80.43308766470736
95.54932101688402
-45.22720122741137
24.559008814232058
78.88054242960487
34.2970513574989
52.44206587726487
-51.5720414126075
-63.233267624511136
9.703245883174347
-20.107926676514708
73.69896725180843
58.27593241679375
51.16393557737217
31.71166530875695
3.687866304379625
70.0689987984905
41.459048634983674
14.277082711601352
98.18472814137976
-27.049325022258316
69.41310273941639
64.45097030764481
-72.86226449895588
-27.02892606212191
-28.90192416163717
-32.13185733641191
12.103317619970227
-20.914222359346724
-34.52835535075687
37.19443951857059
-50.96373530180256
80.7358583445619
-25.5703957825788
-81.07390907670917
-3.779611921160651
-68.99782647491392
-27.621983820386788
-90.21475861928445
-27.492975827885786
36.02107238235729
33.31022655906682
95.15790054022483
-25.009089735535667
-53.09416029410367
10.87726296971205
85.23968028276624
-63.32753265074436
99.59052403116448
-54.19524414072392
53.6091477648302
-68.65378844512186
-18.427533978725876
-29.20805607322569
-71.27395608853881
-78.591381287317
-15.28312556631613
-34.74609112705285
-92.43335763542521
43.220620713023834
-92.79381007555641
90.98512561131767
94.20010798580807
-31.589378412678656
36.2931056662633
-58.023754455105504
27.48185327732986
57.445601504664864
-26.873114737988786
23.995596905908585
42.526421401856936
66.07102632323986
30.461821447730955
64.49376490659861
-52.323193624310434
44.02184148136044
63.8935727838026
52.12430975898937
20.62974251955174
19.649825111875828
-59.379281492850254
-8.662142509367811
-23.165095762584926
-3.687771422746394
-11.896898390413455
79.18772726669064
-69.14081132290397
-50.419201316854625
-69.93742822891913
48.49790236585082
77.18599425692793
10.161826245172008
-38.18736643618996
-34.43692026164666
72.57153424867647
16.452156731268246
59.67971200775355
-19.75123958726084
46.48062780697171
-41.053438512779806
-84.30902216181747
-64.82305521529435
20.717388800529505
89.26227212926452
-35.8888317093125
-84.89137517006702
69.203907030245
69.93648604179421
-63.419566027920716
77.38186909941871
-78.56524936196925
29.75669373733797
-61.79339466326095
6.860926429887044
43.683785273659595
-65.82632197435672
22.979703875461894
-60.90034851349508
37.85412551384414
-66.04954971151199
47.051546182921925
-51.72953402411488
-21.89952487738536
-21.445436565479753
-52.3569143910688
1.3968183371705862
-98.20024260816149
-20.882131564867976
52.04544415548341
64.1109990220682
70.39215555926177
-42.971771383004985
-3.323867212737227
-8.370243659387413
-7.75751256391213
9.120673606951456
-72.61030300794323
-53.125812138203734
88.57534131574013
-38.300068334288454
96.14600299425419
-95.99354333479522
-34.203481648465555
14.58655454481405
96.6239309290863
-64.40132306862347
25.267637566655466
45.9870971317892
95.91613080164007
6.177516888843144
-82.355689385229
-77.7563418928784
1.4945637282243212
47.9913319345475
-85.62020018063299
-52.53639779150547
-31.68326485589668
-34.47831506195804
50.060013594892126
-91.51616255038712
67.36978416710397
83.45547235406693
70.86444046626892
-15.26922187081216
2.4720083973218863
-91.96371069553544
75.47699142160681
-28.347190264526873
14.91599610140895
21.75394038694911
-82.45898675038312
-68.35226126917334
89.8782394475688
-84.11102175873697
-36.515060937184444
51.80196915370726
49.88963158872565
-5.8961662388488065
77.35860000890696
92.01471692547273
-9.243719910343671
-8.44600330345034
48.99719814555428
80.40412088391616
-41.885665882632715
73.40386973413172
5.4659028066794235
14.668777361743636
69.12557855934139
56.665176782853536
-94.46802844295081
6.437428015211182
33.72003264185025
50.02351795006041
-3.2825367365219194
15.367537963480586
-90.04176824584852
89.78907697321276
-93.78522615828882
20.219051199167424
-57.38188011151677
-13.84284306770202
28.733675448184613
-0.8103777045243277
95.53106413592593
-59.5264176417671
-60.249252753637485
-17.180376486049312
16.39088458511378
-58.82539241257059
-99.52770499326249
11.719550211611931
50.9127088579784
95.30073235935302
21.94861512542876
-92.21832758909436
-39.278980691922705
54.44635771930666
67.16399442332747
29.58820166143954
89.68971055811397
7.102243617158749
-30.38094895499499
51.91614106964434
62.51178317637138
6.835278606892032
-95.92098478170423
45.04718054101397
-53.17122662857307
39.30791632580343
-58.10876819914104
98.85404933185166
-4.958868690020026
-8.302218705708881
-45.20953644197632
37.93944731557173
19.473894978360633
-93.42186951136779
76.21686694678985
14.006991807720297
72.50297859986458
30.451834844516526
-59.120872335519145
46.91462664986824
-26.721031384552504
54.071660741314304
80.2084354343458
12.109723398331923
-4.591647471957813
91.11503101192173
-47.38398298562938
52.649817023533615
3.074817940610558
-74.80790776497024
81.16764913974194
10.568867692940259
17.560600971142136
24.97421371134132
94.77182468698379
21.83964912279997
-55.58266951329986
74.31092712697941
-14.23686847395993
76.34035140751317
29.69986543377999
82.81584484892312
17.224407149765184
-22.721876366680974
56.4357562553663
-50.196461169572835
27.14871107462089
4.903531199379003
78.38459598897819
-70.31360505789081
71.97559492113663
69.70279845308968
-80.08686952827577
-56.63154844782099
2.3088342544418197
20.97674097573605
-7.481344190993823
-21.082605324194816
92.6452288011551
-37.343807709834984
-6.241561566810105
36.11590654601039
-50.281344531414796
-55.18265311480906
86.20478422703655
-95.54435330921342
-71.27176581268074
-81.50698292386843
15.04628885113874
-77.71835379269645
51.37945235898749
18.27953149486696
-71.25075802924299
-79.29602846027919
65.91490389171247
-34.013412831871406
-87.6218731357949
-12.043238363653401
75.6355067483654
-3.02229352965162
-39.6081270226754
-65.75588399439785
-75.51125717525179
-73.21533217193064
98.52082966999143
16.820789018423383
-24.556709454703963
-67.60937911067245
32.04007995212115
41.30573879440357
64.94379457515623
63.17635738741231
74.1882035027449
48.3716199871148
-83.11543547779021
69.55747498524596
-12.733411813207752
-46.807331028460666
-22.254976354651575
45.2997470126885
-95.93095090341419
-9.062903533596383
-79.75218944296402
65.74785217778052
15.705463282359617
27.945484505241396
-32.01744733065641
41.680291125291035
69.61709126006448
-88.6498970268719
-9.920034781764173
59.37822214281542
-24.879505047567378
81.10660788981482
-8.141923580365557
56.81507037753008
-2.9265361204481053
82.29237121286468
-29.708610848324895
56.21580897908731
66.17141297437809
24.11242248325898
30.403723455365395
4.617499331934297
-51.05277286252108
-31.339694808134055
4.060492920907336
-25.09207613876241
17.794842019008982
2.120945283789254
-50.76545185458541
-93.09272232163556
-66.72726647181177
27.72609747880381
-11.631061999661213
28.02580709055465
-54.444173747451295
-94.79333448852853
-40.56786406002348
-84.87149531536227
9.188001364037419
-54.76462784881182
-88.37114690145982
96.38153507970796
21.904926699452986
-33.57215416454871
-15.4401675999069
28.388597787260863
-80.42628625741116
40.03051918369812
-36.087453403461645
-37.14465624970622
-23.75872556488308
56.24818157424639
76.49091733019407
38.23433692544356
38.91044943605803
-31.868951566340712
96.83350266129048
-5.8607042750446965
68.10645233326741
36.33166189809148
31.79872022737291
63.41393885782435
-29.026986508033772
-23.027737045528255
8.978369777254812
-22.6078300736892
49.57335223823961
-57.34344056941658
-45.745653997417904
52.12912319044321
78.36762942346229
-47.393068038910414
30.90965866100524
-44.8839414965611
-11.115890105794662
-14.109934777101103
66.67516834224841
-74.06475707264066
36.11830769299874
78.5732306806639
-85.94375862162518
-10.469085974884209
-2.5115653406390948
20.198902294500968
-94.82891976164889
-90.64060365333955
36.96531170752664
19.83360904511362
-32.950699874850045
59.325278443636876
-95.6065099710168
38.578451658860786
63.705574554115145
38.674767288643466
35.26188273452817
-56.820062423348205
38.90685144320051
4.287035937075402
-47.59327286588058
23.488920983622677
12.029580766502107
57.971236260688954
95.9188485443234
-18.359314488342932
35.55221113940371
48.835760447067116
-8.245371902273632
13.968895154500885
-1.4714690946887004
95.71757011105234
29.670427265331853
84.07113835397217
-96.85502303336912
-85.7601906720665
-36.35890639998889
-31.858692913259162
88.15084364777178
97.1974628104222
-70.43721507419104
-50.5332630358559
-75.88347031485276
18.459134126349852
64.81568800553998
24.72630977759505
-17.432532298384814
58.871579979179074
-76.50513938148202
-46.045269821084744
69.23879334761969
26.5427438776656
-39.25988679679207
4.009871648675926
69.66746950649897
65.85237938005821
6.794713272346911
0.6038681364228182
69.38597061751221
-79.21306934206771
-89.70662025905627
55.63118140929316
38.64415295464872
-81.2006512887812
19.037070186668444
69.7078127669592
40.509305917288486
-10.913106718493111
77.74696516100909
-12.634852321569184
-40.8819546917399
-8.203147701416214
20.033465890429383
-72.91186225221746
-27.076612896934165
82.81635595041578
60.22655960394704
-9.818192217417817
76.64065626261674
39.79289787403735
17.070268286865627
50.384992820483205
25.90459217262999
58.94398682919311
48.64117738086392
19.360562198162626
-21.10438323206911
-78.54298120072247
21.768949211891695
75.9149676760041
55.98902338950046
-6.298969770831462
90.56458302269294
-71.14125957644666
-10.88178247372609
22.850692482894175
30.01653657747488
-33.837568740496366
27.257893069844854
-63.62535283813138
-49.27479087024975
-37.23635889018544
-6.982520889625988
-98.44894855796953
-21.67306692276682
22.858587741925703
-66.59350598919305
-13.265683595095908
2.515190555432895
-32.9325535672704
-2.874095772218382
35.829148913876736
-5.105566497405832
66.25220773860215
11.42430549563646
54.49520856890001
-1.262557864469187
-85.09644762761431
20.922835709163195
-75.48748651964543
-10.013187974163245
55.05828469212767
-4.7247001734438925
36.16774479036644
-54.66466189134789
-45.317402186737496
67.22159642300682
54.338354807414106
32.341804801355096
-46.62935204473122
-98.67007874794919
-23.532101423754526
31.829183096938465
-54.59707789215087
82.70681265005791
-31.63758037057147
8.776714863424175
-61.3151843764613
-49.40546840186046
-24.073901210035274
-54.87818257808077
60.914855511462605
-84.34249658485058
-13.812383700328198
-36.14207376292411
-56.64768127259674
50.889270852731755
-25.365737920697626
54.68840328537121
78.13465940951906
37.7158000906897
40.00814003803461
-0.7743660560362855
35.31213474686055
88.0717207979049
63.138727503336526
12.81679697384645
-22.42168136037732
23.57526501031309
-5.4164121256320925
74.38616266888675
-38.13613586882454
-95.10212495409046
-78.1069879779628
8.521456918309454
-50.697532930442144
-82.2344950892832
-54.337611316571774
-74.6847811321961
-80.09035817597798
-47.7960446739996
34.91229505731252
33.59834007615089
56.451405610549216
-35.88852764215173
11.626528567478502
75.55601178849096
-0.3326011706173517
-73.06421642417165
-66.52722513111269
-65.3717141375216
82.15558392148063
-52.2678633749798
63.704264695398905
48.627976123987054
53.69278036297561
-88.43409265755221
97.16475966515321
9.474968327324646
68.3739390969564
-2.6241256336006558
-97.36193648651239
-66.79087169929265
51.6954295780221
-11.750680539842591
55.32203042538336
-79.72553475814786
-26.930399664185714
54.757207366864804
42.44936405981457
16.376217435783502
99.49078790689302
-20.784622262967375
-64.57889711043434
38.14856612340401
57.90662559954569
55.526520504283184
29.14856270006632
-10.471985246232052
52.38900182194078
37.80695915459626
83.22795793704466
-53.95238904760924
19.118765614252737
21.408258674474553
53.904479565770856
10.353931032443626
35.9802238594271
68.9971920382649
-63.79287498977919
88.2000392652626
57.7388049636657
47.931750206991865
-97.79665743932941
22.56860894428297
-72.48621497324808
43.181445448459726
5.255390690409456
-70.90398742399111
58.25363152444669
90.49343460127898
78.09686966777338
-51.27418998942963
86.88764180071286
-26.313987915083345
-68.19719487635223
-82.4830810198197
80.44521300428403
-17.69635081610059
-33.12711180527022
-60.611491974687425
32.70376308783372
-55.521845488658705
-14.731823374337054
-70.70253025357296
96.94412869630469
-9.376079864303335
71.83295349349049
39.878498000349225
97.81547279324141
-99.7317639963571
-34.46739757045707
-42.46720986247039
75.45094068315842
-19.903616642704975
9.651926719605015
68.01043027984107
21.453506777288325
-99.9149730701914
27.384133165996616
72.65681119160806
6.362614494966607
-92.57404669375136
46.386117448113
13.34601674611271
83.07283114435592
-47.14737088217742
88.37956908623536
97.95041010706586
32.57152962610013
-30.367512504755467
16.45339983547558
50.26944135644632
57.78647049259587
-43.831843839553095
64.52223584441754
-79.29917807108694
-18.722426923918945
-86.30956938646068
46.92577155415998
0.7589255509251842
81.88854774111573
-10.795529874686636
75.93409081507554
-31.65435888432195
42.187207800673974
84.945481513212
0.46163976181618693
32.33343031679908
71.25453629753514
-53.53117080785141
35.98216185828113
0.338923391934685
80.2062416803106
-58.04082871843785
33.18267942612917
-3.6611878275579954
-69.64199917751277
-87.34953183858445
-79.23557722775311
88.73290892300224
-41.36654421423525
11.127336503120063
45.64250250512359
-88.6289953288692
-82.67571949696186
-93.32651242863888
62.53866347710661
57.691257140180255
-59.487820681855474
66.42678360949478
49.730110191089636
-12.873714403005224
-52.80954572795316
20.101036660596463
-37.81662213044628
25.84671519843465
27.238024879111492
-62.63017053915709
-97.81297479213012
-90.63171962019298
65.69006510500785
-99.82347368994783
56.000277388075716
-56.26398489882529
-15.15626079329995
-45.606688127884844
-57.260604526838236
81.17457809612753
-58.18698597252509
93.90007309838862
-25.643781636915207
-29.76706513747665
73.48820113416389
-26.593451888936002
44.17977407278548
62.50994641025801
29.34684543394235
90.80821773253723
31.28599896676681
-64.80362666989032
-47.55903970657296
-57.71596272825852
-56.89484431449983
-30.033447747538247
80.92142029061611
45.17040023608837
-76.57090917802809
-92.13950950232707
-72.61726290051823
-62.672936637026226
-6.894675581298813
-88.31038830881349
-30.822537465011223
-64.64992994707328
6.691084373746435
7.997773004201704
-59.257898551424844
-41.839798380778646
93.25286580335214
-97.06846167724277
64.00010919686702
-82.02580897598655
38.46238459645181
29.96187710984742
18.895871509315512
81.7749929580414
-77.18204996056755
-13.868825949164346
57.97423440464743
67.67944299375401
43.7168630022021
5.985874359833417
-49.969092915474974
-38.67489543735449
-13.97874205738789
14.6743239612901
14.760894223261715
87.57066490373958
36.080215027949436
-42.17576350985836
15.226681853341091
-17.699132399132594
-32.105312209802705
81.54202353364673
-5.082374129762584
53.22728101360423
24.17114191535555
-35.107139150481544
-34.751578350728934
87.61022191932898
-38.89652541262838
-66.34972918066097
56.87549210757501
-17.019250848991874
73.84801919970914
-25.08770306201953
-79.61035308588795
25.357350591590503
84.15467204506496
45.990724815946294
-79.22869277415015
-13.700019681280722
78.96304061454072
48.79866357714232
38.46045322230822
-13.49591890570791
-34.52913303780896
-85.88306307066655
80.67176072541216
-31.091519213107006
35.46904804578989
-60.456036819284506
81.80710879673609
81.17325591505042
-72.28782447766189
5.053715044527323
42.182964945159824
-36.718223842635034
-73.61481784668409
44.63397699173396
-71.54300453140834
84.98586850836347
-65.51242201981411
-25.500810777396794
-33.753144256409314
-76.97767557422439
-54.35965774929119
41.30614468104437
-63.60880199776177
43.84500343376092
-69.86011573965726
-2.5049155363570037
5.341166142501422
8.396958973033918
97.28058550465363
-79.91231805948044
-86.70904573517396
-39.395845902109315
-52.62494280282113
57.183364713538055
-16.277695784972778
76.2332056661723
60.65117884755429
-52.426369070889024
-68.39005033683844
21.393330014685375
-30.169975126231762
31.504128737388726
-57.73615585824172
97.31465598120158
-62.09196934526358
53.12853783697972
4.427384057175459
68.38212666410058
-93.21605015600976
-31.399962765228253
38.2195041488402
-42.94722779694784
-22.419362086782343
-67.04180839019122
-11.74483177058481
-26.71402171537831
-70.08155052943744
80.55655854575738
97.68637422322837
-58.3154633161866
-63.570965520389635
-89.80446238435147
-53.60010735645155
91.46515536829662
26.498838191113094
51.33972978697369
65.18327920389456
61.298236990024435
-97.13258372258548
-29.494821433548964
-59.070976716745946
-8.577062677285113
41.84064338405102
42.379005125791736
92.57012322288878
41.48070179657873
-57.75880522863606
73.96761111086653
96.68801646101599
30.91271892844452
69.67254796976704
-1.4993458803979678
19.02053507803521
-4.435351355315078
-90.53496953658116
-85.36200476091804
-77.7496260760621
64.48805310672628
17.080520611447156
-93.06025020621604
61.84810549628409
-97.55256588214878
68.58821285937228
-68.86477933114557
-91.7693897596696
70.41698265496916
-64.9985665425137
-71.82904095754388
15.294731877360036
89.05800333153334
-14.665527157816129
-48.293913092733895
-38.922197342823935
-86.35864173636413
-85.38682380657715
-40.796504941133314
60.31628711510973
-46.224071137116105
-10.90689837228338
-41.447284499428115
43.66293656167463
-3.789975702728185
-90.2750718875545
-28.565321931146002
32.39140973108158
-57.665129177850915
1.3014954803572891
60.90627068037966
-68.15150066152793
-86.92120093142215
83.6828622007504
50.743218649895255
77.04673570122168
91.4141307168301
-20.207499866700914
19.8315228816422
-24.4614445679872
95.28973777458435
-42.0284926052114
-17.89443323780813
25.2083422106258
-54.568962482436454
-64.78678826159225
-24.13003089841574
64.82296252447526
61.25023957820858
-75.67880596546017
-86.21456739342072
37.92819382784191
-29.616012744675317
-53.94198344643737
-22.167482554576452
4.6840357377043915
-71.29312606330139
58.05524521627342
-28.419203478533177
-18.678879343688152
-57.91303945831494
96.92184468372344
75.57752872782885
95.8303867639249
55.62270423252335
20.600894194775705
-21.33316487258361
-23.785919787155763
19.552414511450394
-47.91436683419996
-35.26862513504622
52.54659516488309
-43.958387901217336
71.05564804988052
1.0292888586293856
52.52878415224342
86.29523148511157
-70.54844324245147
84.32441069462593
-79.58278982992451
0.7149155278782615
-96.54073828670047
42.144422540327696
44.029282894782
-26.612017302766816
-18.416506264084617
52.9197637054919
91.03278246917398
98.12557189125573
-5.665782969055556
31.388384843291306
34.13888481554446
20.849953575239752
75.4920984575009
-10.699625212737615
-94.82738780022378
72.45673066270669
86.92568062177227
58.96259246482555
-80.94766767187417
-95.28283679696592
-34.510443495307726
-7.6886804114953975
-34.77023066220788
-52.17975116490248
-96.89918826315863
-27.272840734789526
91.26718374812833
61.168293772205146
11.71175467900079
97.60618355988626
74.27933611551063
84.68338706906127
-7.134891136907669
47.36148920996811
92.60447163376904
88.92189551733324
91.9668266170556
84.50474993445394
11.014021185446367
23.328440982615305
82.29475775067695
62.10368238185055
-57.0359060100035
-17.88415471446372
76.83650445878851
61.01221111067693
17.77805569483479
64.27712534451518
3.5229262463107176
37.68997961894286
95.2183267797378
94.25902200551428
45.45418810283533
49.013599177144016
-44.02506358827705
12.428149406083804
52.69697893399635
-22.88434262358068
-15.251123107275589
15.765910577942478
57.261894662237864
92.53246261026135
16.343925083677277
-34.43455785152767
-32.3855537271383
-92.45869251225504
35.65492650469733
23.8593340230898
-21.32162551784151
74.33453598484607
89.55959466423812
-21.752230267911116
72.25605284281471
-3.699466684816926
-88.77651753540694
-64.26662927053223
-81.12268043564052
-33.97367903988328
85.47660592774503
38.78379887073413
82.89008676878188
38.335699028671684
-71.28629799594897
-59.112851174140225
61.823189719419986
18.344487347143982
95.9214745947456
41.8343249521304
-74.56049647438513
98.5688457675812
64.8721385563278
-71.8158311761974
-22.51418140558077
62.22349112510287
-83.47974574654546
-55.85672861793771
81.37027605911217
-61.40050563841508
-83.21123205246406
-93.17913468184136
-99.87062706969765
-67.4614667762473
-18.491311204018416
-41.516661727236404
-57.20492779423094
-39.16292141114579
-86.49896942568111
33.316315740618336
-78.52255545896539
97.31524085849355
85.49986185851773
95.58383712868604
-17.672922953600875
75.85890017311934
-33.588119143497465
-70.03310730576578
94.3323419633746
89.96781320779414
-45.71744407953613
44.19200840314409
-48.16291114550868
90.53171175952806
94.44628602339938
27.4136142987156
5.264500682579936
76.12436432064143
-68.64017810082699
-98.64479203474083
-98.02828286399993
82.31959015985356
-33.21086710957239
-31.440353640820135
25.81702699818227
-66.55704351263938
-85.59891965473689
2.7242237139475094
-34.385547920550394
-72.93723416281983
-5.525077870931767
11.684976325300838
-86.5550115953291
39.92372817845481
58.60188456276367
47.44657789440859
-44.622351895258426
-1.2745669311376986
-55.056848735407485
-76.50366294575075
-47.26889854889373
-9.392959964237718
-8.620983985760262
41.44184797535405
-82.40771963547031
-73.83640937964195
14.858367826285516
7.712176702742184
-4.009219007684877
34.50668913956903
-79.13243413546769
98.64456956613569
65.4135384671421
-74.82804606248969
56.87675133690925
88.85255295895368
-34.72117929254142
49.603504025623465
91.16245849381858
31.529167269369793
27.23789480113807
85.6376479388571
24.403541199144698
-14.804356962973955
21.16650065763328
50.435828032345455
70.60761632240141
80.19215282498538
38.2437600703156
-2.602323845355329
-58.140513085499904
58.79055696602106
48.22451997671294
94.29031929816284
-91.37601857753195
70.79467253489642
-54.197045071029514
3.738663636685729
-65.3570550896385
-79.38827368971761
34.1927650531008
-90.15802377900557
-92.8390726296946
-45.9090137162385
-19.82526199077364
-97.02711434016562
-35.93941322451619
23.253621058197595
-74.67452050308785
5.45131375862627
52.23595460416195
43.647038827370665
-83.83517652583078
59.35544141625556
-50.711201356698
-75.83793053915096
-88.10130556887341
-90.97852558840877
52.510554586336895
48.49942489512381
51.040888290897044
-33.01878187577711
95.71036873244881
-59.36563533488033
41.98441786889154
-46.91073712819194
71.8052512078495
-15.428832992875854
59.53158225538587
54.888277359349814
91.26064028602741
-64.0183814202689
-44.31880127761878
2.217249583446417
-63.32746766680233
83.91159967317537
22.944395243541322
-23.524449082003642
-0.059698347114462536
-48.95982632791749
-0.8194710665946587
-33.14714606851339
56.73768726259013
-82.62053896566763
-93.69801895668466
13.1069115155872
-95.20400575657368
-51.366877030139605
60.392627189278016
96.55239788103049
-75.83498367753916
82.57023427919052
56.25375901991825
52.609862996169795
50.57202443793065
36.83522696033228
-89.16440564344508
63.55645844649416
10.120305045995835
58.960144492590246
91.35497043171284
-28.9376125856229
25.055870637644986
-82.60879561349125
-1.8170996136206412
98.54433442113933
65.81289791514175
-10.782303963164082
85.99616470523375
-88.38943063106312
21.471231371034378
50.41164187910667
32.75010499806342
63.96742384771605
53.404686462212396
75.6643158356647
-40.68054705715134
-37.69497923104219
-34.66388041385949
68.03918809988389
15.404442181463423
-64.22464284510312
32.814399043888955
31.02017973844363
-25.586498053873456
-72.88726432143939
-74.82984244269574
12.514433696529096
-33.94042106298454
84.67432485372115
-93.0937228625612
75.33683484377923
84.98078711358471
-95.31754414543255
-98.37169211471566
-32.49032399825454
28.694916012298023
-16.593592377641244
49.81889521428681
63.840152791241024
-39.66867829759953
-48.558119407177514
91.65714328452091
-45.2588058881219
69.82149655356818
27.07977519727332
-63.68126701133152
15.38434847283095
-59.74626209100107
14.413134985159303
36.002834105716204
-98.32137483010786
-94.0673446885531
31.478062881369567
-91.79189615802426
-8.148890980284733
39.9767181288843
-41.76797881879104
63.11519107780592
-40.19063325306036
94.73292755637453
45.86611635882568
-6.130442223799619
-66.91243121924187
-4.002518124936387
-80.21728704147024
12.793693990758825
28.345479599145904
-50.424276529329745
31.559910304323495
82.76226491930265
19.12664498130661
33.04268923383813
-27.64127861377881
10.494986759789455
-23.163707083724432
-77.16725451055169
-21.95408323512757
-41.11466355027984
-47.18976309594372
-32.25932077889078
27.52343494276721
48.4468873086939
70.24732221292234
92.98162377772954
84.60804365848108
39.86937156963626
79.68915628512511
14.143501728336489
-52.57928925013757
20.901713630018463
-52.77990734727482
98.85467517647936
-98.76098709669535
-68.37076590916722
72.65854727115558
-70.65179130714432
-19.52529510428522
-20.49641384923511
-3.8836154671342342
16.283481781512307
-13.050707181491418
-68.33708212688015
-23.61847910430437
-0.7460394350605242
80.43494818306925
-88.07410966407983
-7.592897196534224
-87.00786933604559
-17.901825515254586
55.307026004170524
42.77061477844768
0.5153098814166981
-76.2231467913677
65.02872333211732
31.284841579809836
65.89544832787419
-59.55953789763062
62.5525931788099
-5.033632174962108
-10.482920321752147
18.13711220919518
-13.019433876088556
27.05460442098135
-45.117649650440626
69.01083870339997
-98.78955659786082
8.070074955615581
99.27818447708495
53.74438376105098
-30.16037687631848
-50.988852048119114
77.69125133769379
-74.46591926196382
-44.59479951929899
-83.7265175429998
22.38826188407934
-35.59528001972174
-53.630992657245734
16.64128801546154
52.55865976467973
82.85976037793748
64.8835753744494
-50.5592417848741
-12.529376682272982
-16.445509821805373
75.53779468734879
5.843615554847915
-38.31669816306709
15.885764591870853
-81.59671156387736
26.612749601908448
-20.2721836786623
-22.196816218828005
80.0551891624057
-27.622991925996303
52.60650117341993
-46.967281430251816
20.508067075516607
78.08286638577945
-31.526672403536367
-42.53677698377789
-32.086310744699546
5.117232879244952
-67.17667443472774
-81.69027906523357
-40.4393424875894
8.325954665989443
-50.19523811815252
11.531007219939823
92.94035300343754
-10.3137771927219
-31.901575675718405
43.43080030389953
63.250553193790466
98.93680483259985
58.32763429041677
24.83986005715495
33.54660016854302
37.506856788776474
-93.16616080309605
12.828961248739617
-28.35856394949876
75.90162242305314
23.334152181174545
-70.58490747714332
-32.0189752765111
-1.2553308373480974
31.26847922281516
4.848899731428816
81.35442519118158
13.435298305448072
95.01516861970492
74.25232313777795
-75.11363122496525
-67.00027767557015
-73.12334423686984
-78.8751048635433
21.276137482826798
92.17176838830017
-44.024240712772425
91.71578978688308
22.136705998517897
-20.624796640453184
11.176876870885778
64.4979704920614
-53.22754488378687
-25.61214959795322
72.08269403274755
34.40697300135304
-60.26591284117737
-11.650570481099791
-57.560670593969874
98.08674595784154
-43.00097473064592
83.37196440409241
-57.21667315252363
-62.81557152233195
-47.42978372082112
11.026335270826365
-40.04998449881849
-72.814275474948
40.052028147227304
49.640835988139514
-59.90756691412482
-41.316390966247084
59.033696540554615
40.701950204582744
38.16459535870143
47.31869276878706
33.02863969670847
14.39023032448192
65.05838810701596
69.07839382082446
-68.86246315024863
43.42895147353988
-43.08541248662059
-70.38086702769853
-81.8261339040859
-62.00701086131086
37.3776563445972
61.49871536723592
20.100197330376375
46.434705797721335
32.3802223655363
65.68258158241201
95.25763574353144
-85.28621265046519
12.83245174283752
55.709305337578286
-41.33068587366744
-60.495001295469585
-66.69603053228036
-43.44567517037898
-74.48343444838073
51.318086053983365
40.22033133651914
-67.62881088961079
-69.52988839925246
-22.843668556578535
-77.18764071209665
-54.63466571330815
1.768909178824444
-80.38704011409648
70.65658669427671
-84.35156367456588
55.99037367851656
-26.82243235691628
28.60302447862665
-66.89514357165896
27.25346517960554
37.133125109507006
64.74691029768445
-77.26913665122126
-21.39952367590419
-21.262396076350925
3.9997517946622168
-0.38337009147322476
-85.58263509932308
35.89746062729458
94.61547115833025
64.4778210459653
-20.99115987198428
82.93519567561398
-35.18287658561776
-80.04064496928025
4.823889308385645
44.745052437407594
31.29129607105895
73.96528681807149
49.442261920744784
-20.934223850694323
-68.27085300776115
79.42391963066757
-41.63816561323914
-3.0460721368175285
-9.684832337498278
-6.255418747041475
70.10506823683215
-11.155265531583055
40.9154687197435
-40.805648169398914
63.842807858892996
38.26589830689116
64.05625960702207
-33.28797381853197
-72.12837847267484
-20.666456845635977
-68.62399035697754
9.10016187969272
-6.482519719617201
7.092824398135832
-61.15479611167878
-96.07134377378796
-99.46290169380607
57.61505007287644
-66.8032688693095
28.529438075155753
35.767073470262204
93.25031996679732
-92.77341380600446
14.700862851973696
-83.94109497320741
96.03037842138463
91.06338162880428
16.097495548583638
-39.643602412322544
82.98059890420092
14.150498287078662
56.628506559365746
67.93127310143973
-75.29423219232811
53.37959158848412
-41.63618620385867
61.766591473374234
75.32268639997031
41.2926969055716
-6.475966858508528
-3.0293477973800407
-59.5739096140762
-70.96132427582432
62.7846661263317
-61.920826141108876
-27.53650060877277
25.10137840961559
83.3858627040685
6.88300704503601
65.64714840588036
24.767265568122724
-74.77646284463887
10.681846711322123
17.377658846499997
-74.85811874214836
-68.8661294159991
-40.42496252580563
-67.8280865237557
-44.653837325050375
74.9819662539345
29.91668756732227
17.86100327510671
61.85311802354846
-3.3087412885643914
68.15566051746526
10.879325368980687
-71.5875429710146
-42.60508563864778
-38.194747060756164
13.770370422108584
11.729176090535475
-95.38539424071988
-71.54476802971638
-43.71491926265725
24.651394528517073
67.7680774949799
13.962647934802092
49.30647288289046
-95.01142788088185
28.19427566382555
-82.16284526294532
-23.846523404936647
53.961256465878535
-99.7684177436158
-92.3032947437867
60.62100356245398
-76.55679591320133
-37.298388167097144
-39.31855977889362
-0.4768124050088147
23.624666929335845
-31.999145557474478
-43.698029866876944
72.71821179353128
-0.9861792283846711
68.60103376457369
2.3149593369557095
43.719604088788714
-32.503734435656156
-81.13239046451675
-7.83890902285485
-84.47067954341811
68.51099340630066
-5.707259909896138
-93.3269612616857
61.16776179475082
53.03400563712134
-15.462299759500624
76.72467353964925
87.97573468223192
0.4608655609867043
74.71679156463341
27.22804565788654
20.413220165598005
46.13866211596621
25.62935059712275
-80.07675766249751
-8.18210970985345
77.60847809993817
-82.71465690592484
-5.864100377992187
95.26256304544617
79.7702446882785
70.56535655479001
-51.31343930821974
76.67334113510094
94.78329538729952
2.105193792396335
-92.99530957230175
80.7527505589143
-92.366974575342
40.57603067663146
-65.68996851151907
-75.26281103124774
86.92853954384793
79.66227432351641
-66.022711475317
62.67900797019851
-51.491433708029064
-42.55228135201787
9.580049886294702
-59.67902454533694
-4.752492742695409
-94.06981631827047
51.11349652108714
42.549437462928864
23.236279246193334
-55.652498727290855
42.145721957166955
50.61237337871549
-67.76244724503668
-65.93723357022597
-39.65338394305087
50.47593753508406
-24.66712340383934
-60.4905627263189
82.89886826324195
54.59229432024003
4.2964655045428515
-23.11524744148518
-6.116792382026077
-14.09335233135917
-73.82917541237273
53.06392719029199
-97.62761955402462
67.34962759502531
94.06574372532731
76.19173432287457
71.14233580093904
64.60437806968415
-2.447933616463601
-19.018442799088902
35.1525707696899
94.15998196453634
-58.3894117689262
73.45001582932389
-74.75000995041125
98.09924042615395
44.336247497897716
-63.64842438958864
-70.35030039418166
-37.38445491285023
92.08398125681941
-50.41937556166278
72.80021670955048
-88.0465867670384
8.059288098619888
-92.26753549015103
-78.97342630018889
-2.4031044061971585
51.73475721024013
81.69894550156192
56.020580033485345
-55.743991917192126
-71.80977160637083
23.622799949795194
7.8920340002497795
47.20320019272148
-31.24368471324908
-64.50702134013571
83.15779699174547
-69.51482882043214
-19.770400949996827
9.934593266299714
5.66410807333952
75.1492171672285
32.00630502966513
-41.49682926075935
8.277208262961082
-59.1200126416781
33.90646648454637
-57.86604378646627
-97.08181239278247
-8.031708023655582
85.42124780575458
94.43372055391865
23.582376139265236
-11.545262565554566
-93.27312565202148
-17.15782055212594
-30.125211893734715
29.00828845867082
-91.19028124550181
43.609107242010566
47.32559983605532
-51.52479593477681
-43.288659047582925
71.03428944007646
69.29987773328193
-69.95940186481621
72.22940230100144
-84.71368190767132
84.49304872822262
-72.71096875767005
-47.110085742200944
84.2351287758296
46.19854649020175
-29.77943296097169
57.01663720076971
-4.171450535568638
-69.63491571426921
-31.965171647987134
21.124748163683662
-57.94699177506606
15.107291324160016
-63.76211673390997
79.45928257290026
-38.34465274605676
98.82556211481909
-55.758051991210245
-23.577967518554914
85.20705829149668
49.67628241621483
94.27518357947667
74.01061327902929
-92.28914375347968
-92.91461446144405
-98.29343060265839
-36.84944462685691
-90.67724425454841
-50.029976159585175
-27.778031657271868
25.11910544226788
-93.90509257664176
-83.15796206150942
0.7973866613535847
-51.255798471330195
99.41010283263557
-9.574368689849749
94.7491732440464
97.40634588094227
-30.95077283895722
-31.66376588630615
25.258874139199804
19.317597074366176
-8.215381608637017
-7.058223931411135
-11.309852535824774
70.46734139951081
10.055607792043801
96.58386722237114
-25.7048363208324
27.51252170690745
-37.76338952151863
17.004059038177218
-94.36232238003814
61.89194971586011
72.39921769137618
92.8884106977184
-46.356441278830765
-19.94155540697895
-71.20049913058064
-10.334408658379715
-83.51522572789732
94.33279992459717
-35.25678304858877
34.30726255652118
16.676349069111907
2.5645198593114316
-86.92380764095435
-56.16711283322431
-6.292843456188564
77.47372021285094
91.89619536513837
38.78507442715875
27.408790104077397
11.066953541060045
-95.223677724385
-77.82798118626187
-29.390843053002683
-30.37404894035656
-37.933603095743386
-84.4913187909461
-97.21110170327995
-11.171638780954666
61.05690272692215
-81.54085996271105
-94.03715250246107
86.28050380993014
-69.8171021682144
22.27573457245029
-4.621918155518429
31.639628638971715
-43.78386416322013
35.87130807861894
-2.199820474538015
-46.92083080000033
-17.97008266217661
-12.076198854941225
7.97290782577771
46.99756219720126
-4.4848265689684865
29.532940914109105
14.211701253362463
18.69278836384906
-22.985933750362463
-11.239755076136575
45.46092136549953
-44.929630238792065
49.25986284452361
-95.75880232722709
59.71001518053146
-37.282461959097745
-44.36578740852466
-32.593127486540354
-92.55711994222591
53.95765130587722
1.4426104705775629
71.24585705303116
68.45284139927807
52.98188118079804
-76.61441710914849
24.57553018314877
-44.52538946993501
41.05388712531476
-79.72705628776298
86.89828236074385
-21.35294530598439
-8.84528458143825
33.50978819093373
-33.43805238624317
-38.18976557469609
-92.71405748475313
85.86776112264491
42.252112906356444
53.617598193515846
-28.885936630317445
-12.813350968855303
10.842033324112094
56.142775256487255
97.83605164779641
39.71995766143229
53.58463402513951
43.445905095001024
49.449924117552655
-64.9837347518166
69.40217215543211
39.1133234387523
39.11251391380662
25.21788813200736
-46.67524332199593
88.72178153948721
-28.41215639794828
-17.09484260534768
-19.21789127214855
84.14788374384452
-50.77204102857553
-59.55387677982424
0.5472384239986923
11.124567832976638
-36.99542967666449
97.92571655972765
14.890064064392973
-0.017564300487265427
-5.241067362948897
88.804017820046
-62.67042395236078
-62.22139739976165
93.26956354211006
-64.76725639526421
54.80702499484039
-89.19270930975074
65.33464312313734
98.9484645941854
45.69721701391137
-94.53617631925282
-17.999865762432535
26.594397683144777
62.38666487833001
82.60206310923331
-14.114831240604147
14.865785456401966
82.48593864550278
27.182529121557764
-18.487823284132404
99.15272858674464
32.58513713545173
-88.02350943098993
-7.603874310590555
-29.788454369945967
22.368864530866034
95.98729038480622
67.55002076071804
-86.63237172668457
-29.888528234616118
-40.32169001943879
2.15636524407347
-82.91833810043093
-82.72213284983303
-68.58730917990002
20.16337781469643
99.67865061177804
-95.95414827132525
-58.26141157346587
-51.68105203107049
-43.81140211114622
-51.705689020992196
49.05502593565646
-10.695162827983836
0.2515121993965437
-31.517289152515545
3.270548134362187
81.92955769397344
83.10684833896903
-83.97839376912782
-43.04356008238746
-49.82848705214455
93.3131533930189
72.38209063765834
48.57729577144468
22.375036083739758
-65.04380604072367
89.2154719142458
63.74744275514456
88.91653606223036
97.13122705809045
23.01695422487377
46.02232791559578
39.875695345331906
85.74590781877666
-25.404296085219542
-28.091582415702177
-85.43913093342867
-14.597690922662238
96.13359310883294
-79.34158028583198
39.374440653875496
43.14097998713021
-34.75460573051028
-70.98920756793598
-83.97470340632879
-82.27781286246814
-18.51345751487372
16.171915187745938
-22.388704013020572
-33.08534770448132
83.46426480493153
81.17758461497877
49.21969503181134
-83.90331387825384
-28.79183754970751
-2.5750378079937235
8.299096078055143
-96.67134272668996
-84.29591083563966
-44.75184626176374
-90.99641645283324
11.320413730044663
-67.9106705984868
-7.732173227774169
-33.65446927586203
-99.68193021590417
-47.333066448578776
-9.245536187359264
-41.03737137674219
74.80293694552279
-9.442606185250483
32.35268328182383
80.85985688047435
51.0296791096568
35.99589338808428
-12.498704860946503
51.819604633621395
-35.229286599276406
60.26866668960298
7.37597039538926
-98.79571194919559
44.63767390474982
-78.28359229796911
-97.85187837734296
70.56162046269273
25.893226185061053
-90.04070434119586
73.76587445782525
-2.3129944555494433
-59.18798790182762
-16.821398594282044
-73.80332245692654
88.47637284054537
20.790279590663445
-75.68521455720531
66.5613914514133
41.46492311764399
-62.40427580920884
-89.7704047916922
-11.703764560444412
88.21373493996873
-25.983067021837257
-34.15504472627018
-7.985235222845816
-62.840833621362414
-58.896749109887715
-49.05930084936625
57.14775376187961
-97.81492880756892
-87.71424786948981
-88.28584992132262
-48.460457392949884
-69.92275109198687
-9.391080295608731
32.79104258508033
-25.14021228710955
2.6834077031341366
34.432235168519384
-1.385612147710205
-55.40663573311999
19.963770489651324
92.87675771804032
-6.575255977846339
84.50379702258635
72.08736986634327
92.17794684160171
39.30316904075892
-49.403060515344244
-48.35349130496558
-95.8467037940824
8.95086866429753
94.45564561573318
-81.64111438674749
-18.14737690462276
54.6312128621598
-57.5733396717599
50.59580153672303
96.30218853763867
-75.24517165663937
36.61084393899273
-15.014018047597148
-19.41520857265668
73.40909047715783
34.99435634579277
-15.715702271757664
-89.89750162560708
18.89128048883883
-55.92262287135541
-51.06757875395338
53.52072486219393
-75.51581680630659
-98.70401003719904
26.051092699887548
84.28544970735899
30.212861399714114
30.55225674614198
-51.42820584759909
-74.54322476017839
97.40996765809135
-86.8728549803381
-87.48376860869693
92.28091146996962
99.29015987414937
-39.58710947416964
88.34471654554187
-32.328399396652244
34.646109888336696
-19.217443865485293
99.35311827243717
-62.40210840796148
63.02072177858119
26.664538971648668
39.20946603161411
-39.76022189734023
26.278613376226275
-14.1195451944712
18.03913407609204
0.33336362958283416
-17.417259605642357
60.41444172390936
-58.05793250438018
1.228289991020361
-47.13004143972941
-72.47169774195174
5.476328885988053
99.9022430365167
54.741671743977065
53.93766588807313
-1.022086887196778
2.7666663298782055
46.58310938951141
84.01389158289118
28.393507202421944
-80.66782189073088
-36.451584404088464
33.478413486512665
4.5587483777747195
-20.320265654450182
-69.59952806493936
-76.3568262690183
-49.28004099862218
85.42918135910705
-86.86017194778834
29.041952706596106
89.5169045068015
13.254390279436777
-30.777290791514673
-44.75994679745596
-49.88738213982338
3.697917004546099
-27.280753253438732
79.61003471539146
50.53534869845981
48.3216900487169
58.76527834672703
-7.46430458023373
-62.39296608084275
14.323276345807699
69.67549359657099
0.8071205334761515
-34.765012643859535
-87.1147331395391
61.95533306584579
-50.49869082208511
-74.14870383694185
-25.62987491020243
-35.22954675482694
-29.499731663631465
-77.6954014642651
-88.76439872524216
-86.68322008223501
-45.3169175747812
53.85396893350375
-41.92261844912129
94.383905017524
37.0372852023813
-84.71573568809171
-56.575640605060215
-27.54716874992762
72.00574642640109
27.204883572054456
16.09935930208563
55.189736470182226
-48.96972349538311
-88.81762792544032
-63.59967358870939
87.74810267672754
62.45111279594363
-38.87869041752789
0.7779942195890328
19.479750727524035
85.22215056694228
-60.646707656490825
-39.994209098801356
-81.0558160471891
53.971391521860426
-55.4051837452515
30.908665417415534
-12.140405766061477
3.7215139750084774
-28.736957831832385
78.36428134603588
-70.50843892874448
6.042303782049288
41.42075973767817
67.64466882785354
88.09259765111011
-74.60524512117688
33.340347156777824
-26.02603603440923
-48.589051521602244
70.17112182362223
59.85215189839107
41.49287493308657
95.0853501527373
-74.62121740783935
8.326798850256779
40.86529240242169
-57.6613476514696
-22.170315083149134
21.485460420367787
-2.6139023827254277
18.178154853593526
-95.96406361321064
-55.50028243411638
-69.57703878511272
-47.34395188727203
-21.403204398280806
18.81282562920788
99.38952132519992
-37.956673878268
96.7119863347568
90.27345531112795
7.704830927706155
20.532280729176364
75.33940761912413
16.534478983115804
-81.27251614521221
-87.59376581060678
99.41138011915959
-97.43133827752759
-97.44729972453314
-58.10325568231993
-63.96480922835133
-0.3644791731474868
20.765768927086768
17.163199001582825
85.90660698100086
-91.38429537566168
50.986966092995345
27.9116071500314
66.57341822168274
-6.493882743029772
-39.68441832195202
-25.59349870365115
30.89482126241009
61.83450900398552
-69.17756648272837
1.325631842204828
43.9221360921087
-62.48374609697147
76.52336108323811
-0.7852533871632659
95.67439617090358
1.4315942845480265
-84.26505657796169
-44.94962124785602
-93.8169121703545
-18.120082238868534
-71.81114264242589
90.04440039839184
-36.834065586523266
33.67978055675073
-3.3293182266801296
65.78249034393303
51.81040089080932
41.819447517950664
72.06970905365029
24.26861111476532
-13.779898733071306
-74.82944242766767
-7.5684190906370645
35.20390621927024
77.65077765687184
-16.106103433192587
-93.03386560915897
94.10962280918483
64.48686429639517
-63.916426614666186
2.427783167398161
-35.27924779349189
66.237152866593
-71.46993002443352
65.10242945972894
-38.905512243773856
65.97785568266994
21.56059343844099
-25.83750967925853
45.38833996856388
-55.0081451633806
-59.21618594760656
-37.61377303173201
-44.70270824415108
20.612320593908024
-23.519023868443696
6.88135560497652
33.36640239322034
-60.14290558723323
-2.8273579034365355
45.060088488354324
4.602584812101213
0.7235499672442387
-48.54823845089011
55.40157181087736
-6.813763005357984
-34.65970800744516
93.78771361472343
-52.60144312294073
-18.65309747021368
81.99911942235491
27.34547968125254
93.56376815109942
92.95927053547592
-62.350742120745075
-34.08484121852405
39.6404309512871
-96.20295686690143
-14.362130993731341
-99.00825147359473
-76.59151645620113
10.090826996533409
-67.68903862366027
-24.82264861059285
-5.678081035025457
62.65352782386145
-66.49935836137223
-13.763323756266828
-41.28010018208439
91.09256730163423
-77.65141514052046
-35.79842861722619
-40.56983206495419
-39.16428577618263
72.75296923516109
21.739021012731016
98.11262209067922
-40.228766831920204
-7.75742332669509
21.74972211564821
10.618689537577694
-92.31188911507002
58.995252493457
33.80855466481333
85.85621159696731
70.61919962502373
49.960222337817555
44.05566683538203
-18.524919187304874
-16.450145572295497
-99.36236399142555
15.220932341179605
-80.08155083065381
11.931294033394636
26.125547750500616
64.64137131452091
-60.72697737320774
-90.75132302697342
-22.16582690404836
-27.45575223854715
77.46944453523761
4.352953223878757
-8.225562111751046
38.29799312537972
85.6532128546178
22.786805372593506
92.42103316091982
-81.3109873834187
36.6282930152783
87.26474603481557
9.336832057890462
34.20080680829412
-22.73999564193754
66.41141183995182
6.84415972978492
-88.7464450743459
-4.32922882169737
97.77829709911941
39.410370875396666
35.03100617434319
-85.21039859236406
17.56660207074789
68.54065613356238
61.41672218789705
-15.063294648320905
97.75139378527072
53.866396739839075
47.07987581493461
-43.25415294881392
-71.71892658052307
-27.703351113945956
-7.801666229606425
-74.16092428281775
85.18266409438496
37.92854541519483
-46.16479626228165
7.24106790180943
6.056494309006538
-91.04975269666974
-72.59110984816871
-57.697310794224755
-40.84428947775323
-24.977521325197685
-54.157229152055145
-70.76424779912108
79.31523468935683
-67.9708744380859
34.12391970292893
-58.29675170697279
-73.80926084002832
60.0301683894385
92.46967712174478
80.86742836802233
35.54996229144629
91.84067248786155
-82.74619053247918
87.35431610156289
19.41619546118811
-91.99183664224016
-7.537677636768606
-38.587956548786885
-35.97201299847623
0.4719621288638507
19.349217434995353
97.7623272097378
-89.38774721362546
-6.4604832297811186
-66.07999166487767
-30.147531001233034
82.14813405064584
76.0481921458526
-0.5976213578965428
-97.89449001159592
-20.497587602735152
0.053569713391425466
-94.69426333475658
62.77820134246846
54.27708185524287
62.85964284917179
0.0751895125029165
-16.728798148217464
-15.563911032657657
-47.995343881548244
-18.433623215298937
89.87749787655449
29.28096267364603
28.38761426901104
-56.75340949783065
-90.10144938203337
-79.21611122802024
97.08522084774336
28.93449094737926
-18.27016096165181
60.06240439144588
85.7969027566794
47.941155021263825
22.7115481283479
99.89611746140946
-18.421357992221104
-85.17847271513813
19.734351362687534
40.401790007426314
40.22818843148386
60.75868830680068
24.296301344501188
48.25305260446763
4.741756164133747
-74.9341912192777
99.93037872409204
45.639707245971096
58.32050047831589
52.68257387631493
-41.14561661291418
53.829952201333015
54.38861137137289
29.46463558267979
-83.5307279213153
0.1285051173122156
-39.74816913383301
6.839822108808306
39.37505604265996
96.86643033002954
21.48401969576979
58.76232616529694
-9.626684911241853
84.31749622427176
-30.292149526765826
-35.1471178808397
5.675325486004354
-7.368254303163013
42.51157823330328
-63.745747382215015
-78.06577794949791
14.24860361150391
48.78867969352817
31.843568915984918
-47.03433344730663
-54.80902797749074
12.601112516001194
65.7753408633505
51.840747000280714
14.732640530842886
50.013206382910596
-30.893160739348602
48.9247654138033
88.92820653470687
97.3166806894805
-48.91997045472116
-17.85686986121155
-48.84647576060719
-3.068205395135905
33.753453175023594
-32.27308974968946
-4.632341402261829
53.68714684128443
13.321584349019645
-17.13719195512411
20.977117573379928
38.3770031167077
-91.68408343454837
-0.4909634005911556
-38.51240158088911
-93.34139630581262
-14.66791323185133
-5.923785841209622
19.48212603597608
24.873536776499307
-67.69654493489934
14.967271728072376
-19.48329083688742
35.195807952435445
22.21266709716548
45.61197978245761
-2.252240292898989
-38.710503485979466
71.67719022454173
-50.61757223046761
-82.92987728513872
-96.02953225733297
29.301148715664738
88.91528048102234
-36.12534707069099
5.007268783505054
-58.76280707438468
7.302427214296074
-8.876661973780301
51.16837626031071
62.631832003356266
-96.09948756268174
-2.1365778376690088
18.051508274208857
77.07449444823044
54.78308882441371
-83.22688814393962
-28.30447830443002
6.009381712016065
17.24637330250087
-79.09417566245563
74.96155758741062
-5.171242902067206
1.471361017821991
58.32170283305962
-58.346465626833876
-9.859903843395188
82.29867339395557
70.67010118854455
-66.48330017982397
-69.50777632779781
91.4073905890584
-23.779088885221938
-38.77718758595379
8.45133747474594
14.2115095726423
38.609862352710394
32.46901946195436
1.0034330475353244
50.10426166510064
-86.50101820613767
-21.58628825176912
11.950933554295545
-2.09388942016966
47.48504103665584
89.88852747182312
-28.57795755021803
81.82128261637206
78.76964633877509
28.57433235879219
-61.14312979959451
-3.402182068531019
15.496060139553691
42.67769190508187
-62.09943517016545
-11.87926542789522
13.325874878268351
-37.569283783106776
-23.892300701433513
85.71432359359434
-66.3715484372359
99.9387609236
-79.91694249080099
-24.738433165814214
30.071996109908213
-63.7027602875575
-5.871458035651372
-19.61748995526922
-45.78376032338036
-84.18487981966922
-44.80827417940356
-88.62752699109788
58.58053971000041
50.6196356469805
23.530720709270355
79.30841102870696
-74.93305259802499
85.88003731945878
-93.01787729752407
-18.361876679774426
79.53600117432163
-40.927869678707026
33.922699293936745
-26.447653783996344
-22.3837754893097
-1.7917645984470738
-71.0090830333952
60.28587367157894
-17.049390781982197
-35.536189264393414
-83.28969491389371
-74.6424625847066
-11.653804783611804
30.447125987353417
-91.02126228346386
-82.22245752052659
78.16784489548968
-75.37180309482227
-21.61507224337771
-67.41491963294698
-74.1096977067378
66.88325388687204
-37.027267275135344
-60.49587836148105
-44.811931356067866
48.50088453283061
18.73962666515827
-47.39133197388175
-50.62532359856593
-19.237745906293483
-60.52765887812441
-7.5602140451034785
14.802853302484252
-71.74177780943731
-12.608596103979906
-84.07848085957318
-7.901868658951841
76.37979650946454
10.96824636382982
84.18964638347046
-32.5946905302678
-84.8930741032708
63.987598455779136
-62.18852491210058
97.88545359682684
30.016767249320907
-8.615374612175103
-25.66855982379603
-1.517771443568023
-45.095085280155665
-28.59224402179963
-92.37914628402233
-10.072605699166061
99.23174455820285
-33.05183122378783
83.06937251454457
-24.39908341694401
-82.83999358479237
66.70915190897583
91.36975066604359
14.361488091443704
56.719676368709116
-2.636603310660419
-73.13637225014995
-77.29050564223684
55.61132563791179
36.52332070525469
88.71815924618156
18.46719614272925
55.065540965890165
47.641086886317
-54.28440236351817
-61.97356505469396
83.99180084372253
-41.84618508493523
-99.3259572387664
-99.30483529996921
-54.32044394721716
4.634003257462908
26.438376055076176
40.06360890229729
77.14405051051537
-84.52150104919349
-65.18389582507815
-30.282794603009393
32.39971250552631
7.273543519199748
78.80905243275896
34.073160754535905
-91.62848323411231
-8.143920587875186
10.357294516863107
-22.170742726072973
-67.85806413122299
42.540187019706025
-13.512894866855873
-95.01115150538753
-38.90390651688613
68.55090787885916
92.2161852398765
-92.97158388238793
2.559040917933018
-6.184036858957143
68.67768078302194
78.38279615328304
92.58912266971308
-32.06621925668014
6.179550243004542
-39.3523537889646
9.463025075151904
-8.712714478425255
97.33024780257449
49.43009315608552
-22.260384241363738
53.359221593526115
-18.49850184051462
-92.42422802918956
-70.7050824559132
-50.05279296574683
41.75453020911007
63.23699303333814
-38.000087032674365
20.116681658589044
-3.9424778017368425
15.973636580650748
82.93351638732449
-66.12134422143862
57.7270852777184
94.68416327936436
84.85606399164223
-14.775388346465945
-83.35139263077153
-44.905129913403385
36.98061226929366
44.296278748136245
76.01493735665662
-72.14985386721966
-93.81776431836617
-80.56179813077983
-21.835722763152447
84.53417285659046
87.89935509412618
15.425046039340359
-33.551660651158514
60.43138655171356
-13.215644419238387
37.27788461866041
64.63624170598487
80.30957760367724
-24.889826398162512
-50.658630374604364
-49.464640790600775
-1.2596871232601075
15.711751477268294
10.019221330729764
47.315040668822405
-28.896627453977203
82.30647526927541
-73.2426582819536
88.37733187174535
-18.591087482060217
25.277452710375385
-75.0538075784689
84.29869936015717
77.89271896865151
-46.78528237274833
-94.63477617154122
91.57618339872954
73.99155985941067
62.3196164686546
-94.91764966671494
76.01681516559705
52.05202783988011
-77.38392630605844
-79.25857918999854
82.5111108743107
20.523383914308454
-56.55073445248784
-7.577658482913009
0.5496161638712636
5.393615420253653
-88.42401432554718
84.06264177979827
44.34861084959502
75.18652966971672
-47.75246077438855
-52.55229233461771
34.47025016405806
-69.89605586555756
38.51331501453805
-99.19205980528731
78.00385639461788
36.389022803236486
-48.134973136608664
1.6569165774005938
66.06158429034593
-31.109464275235666
68.8544880837498
45.57353571779092
80.61328594009305
-2.171627224625894
90.31789807080972
99.66701291004546
-23.265250057843943
-17.784828507093238
84.47871119731286
54.61946018258968
-59.20297091936146
23.18120763610898
56.820664689523284
14.485172623337661
-86.89900821900235
-54.26047775085643
98.78342309602536
17.95319984285082
-95.72391590572144
-18.83769548804419
-85.62345981383707
-17.396335113830645
33.884017893660825
73.09660611816332
31.4696672577482
10.294150247075805
-0.06562312742104837
84.62713381586349
-45.02766423736404
32.172250793276646
90.55354632853633
-46.422822469957325
20.89502166343071
-65.59505905625207
65.49673120934034
-61.16162313967388
-72.19627958214275
13.45909307715047
-92.46958277290283
4.6667274135460985
7.487993635873977
-79.00032390715131
-41.84054868108087
-69.68346684553512
23.087728716299225
-15.151568449506598
1.085806505167227
89.26848902041641
18.439846339313632
97.9411196488586
44.95504784857869
89.15626518906134
75.79808800116183
-59.02572529944461
19.681839622235216
-70.6333789038487
51.3609901473865
-45.20223219433754
-40.152461629333324
56.469000491792826
-42.140922088033285
77.97732711373772
-53.63539234522581
92.95021927534103
-44.979474870362466
-14.88897896160266
30.28560494827545
-66.4519964362349
27.34931470343112
7.407779150468642
-29.93178771069209
-88.66732632626974
-48.35327734141639
97.19513622467409
-71.38963109524177
23.78918391438131
-73.89164278689107
-21.41942707853117
-13.739927327796565
-24.934847193696626
-34.13459864628494
-48.393859132490434
-25.81831010882034
-47.7080392252353
-12.458734066355603
94.98521252509596
-61.53835772254421
-52.433081326239275
-16.30399683318207
-4.283582351225505
79.23449949129088
33.05923648786137
97.5510496193339
77.66322293099353
28.715864269604083
23.717696449134706
-24.603284955471636
-50.04277243580291
53.88320916830645
37.62827321129063
6.039033066690422
48.64234527882405
50.321371682242756
-46.78038227117367
-21.186008621456438
-57.264775387984315
56.566837274679074
-36.63063458443787
-43.605094214226625
-74.20654528875954
-56.796510959672105
-95.0546960185783
-70.65550528446072
25.598908505379953
57.84779898798192
-22.41226231436295
88.68769287522915
-62.33172400005391
-87.59297997620081
-77.79181063680925
37.61820096455867
18.91047580766616
24.502663841605596
73.59700021174197
-44.268415345759294
94.56240157204624
72.94241832213288
-64.40867080389606
68.125585299536
-55.89717581509588
58.86622287624624
87.66846522302492
-31.395565192645762
-74.34498405897376
54.54931337677061
-38.340042243707195
-36.214931169223185
-22.146431599733035
-81.51766130923994
30.5826830323723
26.65516360893689
0.807029553192379
9.09847202040595
2.574786919358857
-49.08513633095897
-63.26368205321802
-67.01873841548073
2.1948621113359224
82.73543562647612
0.05636784633151137
95.25643771733422
87.09466071407249
-73.05313474580572
52.23189328274981
-23.674422658456635
-72.3457919528858
-97.5097173704296
-21.462047673675016
1.9208311889991734
-66.13095365673041
75.03094990965891
-99.66185986120747
11.017234629901694
25.48115183919751
-35.915787349022736
-21.413179470403747
93.20646808285113
88.17694443487042
84.3785569559962
-89.03566664418602
33.4936541607392
46.23556720465331
6.729867797927682
71.77900192421276
56.50106945548865
-81.77312113876718
65.94540313403911
23.713226861119523
42.44209283580946
-41.84318930768154
89.29104381176055
39.02490251599258
1.1632275764991817
-94.34749110898008
-56.078726699904216
-78.10049463217459
-51.41520805105881
-15.890853524593979
-16.017478498306588
31.13455105843755
-16.938592956316967
60.49099860255603
26.832577996292287
98.23208307991047
24.374814361017513
-73.26254650829884
83.75977470275058
-49.55121194787573
1.5573652470716013
-80.52435831725022
-54.68355330794399
57.644860973781306
70.63177602880441
68.32420421947808
-42.57384862373963
20.67569785267453
-60.169604632602656
17.451331332702466
-62.67092174675219
-85.82831601400667
23.032827965677313
58.91498258330256
-18.409950496971476
92.0372986341369
5.490161303299018
61.44278537211741
72.3998359287043
-51.82612734558394
76.23598626081272
75.03930946132931
-30.815222421077365
53.75421389641684
-39.915411934893655
21.97495407410743
-10.57227457164575
-77.4196592980557
-15.309111615499233
-62.13364247978299
-81.36231481668052
-94.0414721676772
41.04741455096956
-49.02939988994896
4.112176685008791
79.70344327580469
84.75998771938382
13.390247430156776
40.48473320408465
93.74838904711896
-33.68533698885838
57.633124734191085
-11.52353002165647
15.35166982049303
-32.60224860932459
-8.155710700927173
81.96739725006606
-66.56044116727315
-95.69256606848138
57.203389016623674
9.268307353627165
-69.36747553454575
-44.04710125640155
23.635325011211705
14.07584610300394
55.59163503802469
76.2243335794455
31.338183730960537
21.14834424782363
-92.41008464929325
8.311672583781984
-45.3354808062435
95.77616025372541
52.47027162393897
-14.7154290169412
-49.97099517523422
52.45133227594263
-13.753388045553521
33.35224885786758
86.66414248986288
21.41025513133323
-25.812303375690476
-79.75855019530012
-10.141207790663628
-59.95946289935967
6.626191372725245
63.74013855829236
-31.93711801230654
-27.924806046436018
-79.49777046330561
94.12002260886035
-38.42042324051271
-85.7765676765654
83.45516117542343
-13.46218116156767
-44.2540511212675
41.11008436492696
-95.2813171528621
-15.967803319076083
43.71087306451932
-53.92640042523582
-77.79524012862306
-36.678862753157304
7.789389993501786
96.08267279201414
-97.57794269959574
-53.51089323291907
-81.05897333761949
79.40139843350264
66.16274799083581
-92.8150233240298
76.79201374962383
-30.689424868153267
35.19412297856411
44.90997250740941
89.2436139513807
-30.765150247383644
-95.44505261007994
28.35426997039565
-93.29431960304358
77.87986304267346
56.19866176350777
12.496456222764024
-22.70569160762011
-68.36766467389783
31.505899514042113
-69.59823991366368
-36.414432055085236
26.810668247301976
23.95524360442802
-17.520797977955112
24.54350360343392
-8.419797200777637
78.83433125319829
-21.590781691505185
-93.40616175513499
-36.88150186398516
-66.35018840402174
86.1295830101339
9.91922612777691
-60.57188621939591
-80.05837415420385
95.51759478352076
-44.39937174591078
38.31317749726179
55.482348273420655
-33.4068941657321
-14.33256682689536
-50.161040109981435
-77.48497293274595
73.19625874437838
40.88141022663808
32.214907080769706
-0.21838034489572067
-45.81656178053037
-17.873356379179327
16.00354005877827
88.01891388690501
-29.4532212065145
-91.05044161561105
30.53471877068415
66.65479108150362
-60.31074209849705
5.429578478649248
-85.89861039819198
-26.995517787194373
43.57591010028969
-87.0148897442845
70.70133178992026
-92.52094302260568
-65.86309343036348
68.06017847511566
-95.85323962538321
-2.2292921973457283
20.045813959344173
-90.27443041601057
80.50348311174008
-71.06544522187335
60.891206156393
95.13716272145138
-3.8007174164460054
-49.16300193343568
82.80503493291695
37.241883622967066
2.6754796637851257
54.64104249802253
-57.980988903922025
-87.5429557643169
-11.784643985109525
43.50352801199958
86.81940558374436
-50.067999412731254
33.80437618322401
-1.7114287741588896
40.09780581392556
-38.81055197011882
70.18439986966001
-84.77694904765612
-87.80685134304727
-54.06292884660333
-74.68025473784124
28.12303168458908
-34.17681392206208
93.22303754593176
-90.28965689869142
57.440160835228085
-9.33002348480683
15.952007686973957
17.689861076155182
-32.65212314432418
-25.75851762796802
-69.83678834428413
-70.6613094907581
74.32653760671445
-6.768103556923194
23.418299915173748
34.9707653648116
15.274405471466721
75.54536744492091
41.67288271916226
28.108436539529805
-50.5089812194095
-87.70200801282336
-25.55797801172328
-92.81811616532276
-9.295767369646441
37.691405866823146
-44.97775778091473
23.063571069262096
8.287088491603598
-0.8477501945347825
-56.222491467180014
-93.19487779428349
-36.15273290747798
78.85624578171425
-1.1343607404010072
-76.7571542291949
-92.1252031536373
68.90780278569005
32.74103021563809
10.91362347435232
-2.306037350107772
78.62084741348465
22.050890529663732
-38.353578992459546
57.23012920909477
88.09962958872276
-64.4445559094139
-97.43067710878175
50.97187845330234
82.76555134754656
35.119568004169764
-76.12241377509895
-77.39141125483917
-44.98550501196736
-54.09905472563534
0.4042027375875392
-88.21581615901573
-70.63141868290464
39.92857769117418
-88.97741795689988
-92.99184456559453
-17.456908127377574
2.460225486803779
-60.28204221993418
-72.56779483962208
0.22582251053214009
56.534639836988134
58.80668927999403
-50.349750867701594
59.57652774069879
-44.143782787095695
-28.31408392409446
60.12037900948596
76.24896725896747
