9.037575279335414
-91.24355951773056
77.75832245562054
91.37663463573597
41.345580406109775
-89.87744836958834
76.7073628912166
-35.10978051039841
-91.60492217720531
-64.64047217823071
-0.9114103957514175
67.99283452407155
-12.558432203213727
8.246295875301612
-63.194665806255145
5.794685679344823
68.17687414421789
4.5897091183691145
68.64728567384446
94.293002705849
17.311126056953043
84.5118898553522
48.2212721283239
-27.933510589140226
-64.67769257938409
84.90167579695327
75.75691630931581
59.03163722672309
84.8981436072817
-96.08473667401026
-1.3143432103202883
53.77035195530357
-44.97675332990924
5.203063062856501
8.437016765658825
-7.9585775672435375
-80.69215848810656
17.831099366776783
-17.812645323010216
70.18188576004641
92.71286831679853
-53.37588577688799
66.44759026409744
-23.469887520305605
-82.02458614442752
24.402745837094855
75.45880437971073
34.783848458990576
83.10815280726013
77.57169480405997
