19.267604209075984
50.97031444905238
88.90047721244244
32.77448291816373
-48.763929973153665
-38.92232615027107
-71.35835339161724
16.283867107390208
6.47319933339061
53.354401860747714
47.36953363354118
11.718073770650221
-85.49059624006594
98.36923457307864
35.178029681991774
-81.01144938311431
-6.260554659768758
-46.82308129977959
45.722423703762814
43.52494591815116
23.721223399404394
24.401907155107367
22.96915879702621
25.080147518488687
-74.68320298546682
56.365442665712095
-22.971494310602395
6.752581829115442
-12.086602545744668
87.95543301449459
20.30893691720601
-67.74642374081827
-71.38350463130789
-9.987575590768884
-62.240719874019156
-85.94340105141312
88.56701054490495
63.84056560442258
34.99339090055972
97.0110278299095
-91.56136928609435
-76.40381593733534
-36.78564329265961
58.6386238732876
-75.25785057778016
-86.8358745314584
-42.636072691317636
-1.8989120702133278
-3.109288543815623
-68.0247112709335
29.696117593578037
83.25270323211257
48.210220282472136
-98.48921595744406
-37.849339856848864
59.351352227735646
5.989608410097219
29.774854507799944
82.86301852082687
28.77498403266455
-94.1399246201506
-49.63854001755357
30.11550090461637
77.01915592522056
73.63970429085589
-43.63227458008081
64.21599051644066
13.246048946423343
-4.766333754451125
47.10512149380125
50.77142315497059
21.57167364595179
-89.22731234426327
-77.95815342722953
-48.18585153321189
39.7791206701998
15.320423795042586
76.46286634423603
-46.74990714922651
-97.9522654466608
86.6252501915458
52.27287851135341
40.52820259519524
-48.56885577280337
52.67448176946769
-16.783026012462642
59.6122857247733
-8.728360042386015
64.89143801640046
69.46052748206819
50.26234692619386
-13.84565479707625
-10.927305701204219
85.22323704682387
-77.94689826485566
25.181339417346237
5.879810247639156
31.397652405784186
45.4176643551294
-63.52410196568019
79.28856538256667
-30.766847095582463
54.80470985721709
56.228200915798226
-98.59061064629451
90.59069688563622
-88.31250753069226
-63.76524872112639
26.52963968635558
-42.98073815762966
83.04164201956385
10.640268934559899
5.469677668226879
-37.016752459016764
91.3735075909272
-3.792847236012946
-91.7220250800863
-81.08054681078963
-20.532277374782254
-77.57020873631774
60.91334529497436
-60.19787091689919
-8.922281662423075
-29.317476141616282
-0.8221410720419868
54.4503351139293
15.346192314252278
64.30707204791312
14.569688827828273
57.638404724056414
-45.72452588831914
12.943639733562947
-66.72857676109345
69.75421476605891
-17.513038792823536
77.80366724270883
69.65202356474526
-93.62439138873735
40.79328891080536
29.645379379744753
41.49977167509559
-97.1533509609054
99.1193293218131
50.48267266374782
-86.59871106866154
57.73492361417914
59.168503532441974
12.47079709518016
-99.34343938052703
-17.834172402653124
36.27528312643153
-13.669160368868276
-17.524930016928764
-40.34823525467031
55.59968253018903
14.089281813776779
-71.90191662917442
-74.6594276654848
-27.89755163170649
-39.657439866618404
-57.82796049012025
47.88249549093908
-64.2126027836682
-41.68368819312167
96.25668223040424
-96.67302656067045
-87.08588626314369
-42.93647908316196
-33.083350493556836
27.32830855672684
32.60566746448569
-56.67891660104829
35.290090526273644
-31.65556506804215
-94.19962672893666
88.08544750637552
36.12795266556469
-68.06952187573125
19.353625722098954
42.41578459239798
-2.9463345559928484
-76.12016706276586
84.91515231391173
2.996315172842671
-80.8379982067199
69.22685925917241
-25.962622803734632
-49.023052553642565
75.08031606758146
11.899519051216174
-7.271317945695998
-57.65000120878092
-63.272137235315554
56.91227325462049
63.43619242577415
-59.083908735689825
-65.12125114306198
35.94764959075664
86.85155056738222
-87.6163923306118
53.27861913595757
-71.83494372393906
6.800431772164643
-3.650237407338878
72.97099258975763
-85.04012087207047
12.06402757099329
-0.4037995192327344
-25.158638402332258
36.452614916332976
-32.26650821423674
85.0841087188746
-55.396221190601544
94.34306745080255
-35.622861461377326
-10.31342759286882
86.73387371809022
-69.53714001653648
28.747867723672755
79.65828110464508
-56.57964291828878
-75.25206576492691
57.2223242260408
-40.90791479521199
27.49157364605051
-95.68096918958784
5.457607442981271
39.652390681643595
-64.02236654651966
25.68713259345931
27.548240688609795
-51.57181407496125
-71.7618498570622
-18.015727220980565
13.719649202515598
-76.71268905820887
84.57140639648162
-82.25223896548269
-40.120225069596074
4.980148601854211
-63.982044021814374
-90.03218220870745
13.572044914473125
54.22508660705091
-99.58952892618305
-23.985353374406856
30.065746865732763
5.903615013360181
-24.74072148637589
-92.7648108417529
-71.31754283090348
-24.203991376742493
-20.549678619036825
-45.677299577883915
-68.66196327142251
45.249546353148105
-15.837172978623457
-47.436512599763894
79.29330964652303
12.86171013054502
68.44961550314147
-95.9175842560557
-62.57235421274308
53.09101505097928
-32.13790824934006
-31.593002368863125
-72.77788064113417
55.21310754030412
49.99858892809195
-2.106878832857319
-45.88076085985173
65.67209023956073
-18.634701887370994
15.04535479982853
-10.42309893168381
91.34684150987829
9.895865809383778
-35.269279608194
64.67277752353701
77.87653062208676
32.98199726564857
24.469509419243195
-70.33461748024261
-69.5324691741616
96.09348946434136
27.34744075798507
39.366798850141436
-37.89867614296676
-27.009910877240713
-19.31806479198221
95.39418238773945
-76.48317080130649
-26.3771858407394
-16.862971394611193
14.49847705005432
-2.697940964205216
-16.07864293631276
-87.23186277106154
-37.634590054556874
78.23333650316303
-7.770804983841018
-18.57801349685562
-95.26980445715758
-26.334897583254644
76.12089742539601
-59.16575019258197
11.912915150576126
-64.82344001984404
-8.612349719665644
13.843342489848538
-65.98821936631809
40.392847483715514
-78.45286697935181
27.024403791214667
18.22356804117959
72.72960280487132
62.25689515489643
13.012245794440958
-33.3135794466954
9.947568256893817
70.51349855582973
-85.30682750796694
41.906648506776804
-91.31304875035298
68.10053218631614
51.467577199569064
51.01186814656009
54.10792258562131
-53.61505725299991
-12.63959503086997
70.61494920958694
40.730439389790035
-29.382395236187108
-69.08996236927626
79.39899335840957
-50.75392615236436
-58.458789522303455
-64.49072190338359
-97.02571029627958
-41.897828022908
42.36666780198212
38.97933214659369
0.0013354941151249022
-20.131528927628153
-30.28927051027337
66.30904160620298
-0.9730404185004318
-85.90607625485383
22.316265808612485
19.38968632197296
41.988802497295524
-25.641864254142547
-59.57095108297097
-34.377926593204094
-58.29512028542605
72.52838037457744
69.29444779962776
-34.76069106521125
38.980566221591175
-58.50465715774362
-12.465792858549648
-17.706106635247252
-24.539904737049838
89.88731740462754
-8.323309235427786
-51.92757979710822
-38.0833503262354
43.142759498727855
17.85551879602268
-96.46656515780423
43.11822593965081
24.222728328769932
-76.82591368916482
26.484161833566162
-45.602348097988845
-67.4302451523533
-90.0588812807007
66.54630864510364
-50.889989367038766
88.71673543396867
-85.4539904731944
-17.86947047204717
55.49765195211475
-34.93017362651203
-69.09996205407738
-64.44396684217674
68.0979920427595
-97.32842008807707
-12.308355065559141
-56.68805970812703
-0.9082045874596361
-90.44255025669743
65.51413831303182
99.59016571168442
92.8711341714687
-84.25667161583318
67.25154973315551
81.19770014792155
-93.1586641055806
35.72755597232609
-2.111466236703137
66.22003679458558
58.164431875574195
-42.88883821006817
19.93301399915856
16.90660131353134
39.522243192193855
24.61903717196347
-59.321086820532656
-85.89171872617882
-41.362990548109394
-7.930041879494439
-40.79547281826119
11.933032788460295
38.95742683594335
-53.41643472636881
-48.19796829005938
-48.697486405050384
-83.00741909886662
-6.420234118750926
-39.44772379529036
-85.98614081661096
12.572121954900496
-73.00727112270111
-4.420354208097237
54.958374603209904
-28.84195881777312
21.250975278644816
2.6882539563348473
-27.07653009148183
67.34464429823825
-47.68815156087571
81.03496740231364
79.86682720351126
-95.9311154294582
-11.04006555032646
-16.44244155162606
-15.037321281220486
-95.27027247275024
-36.537078606727306
95.1515381408449
68.17823887366836
66.9327029934185
60.77407662258969
82.23573193051135
57.75585427775184
-8.037797516452912
54.03036152174579
-86.27173514174598
87.12234263004021
-98.48895791867542
-66.76872770770069
-6.868172091971061
-21.06613623998119
-15.290456464047608
-50.024421339063416
-50.984622740427746
87.12063509714218
-91.65552651748841
-13.752229028695012
-49.439565171838055
1.9090183326381265
-57.65365593415499
-99.70752841221781
-42.66470904059536
66.58649643649613
27.81952469971756
28.84766848093622
-72.26772190282828
-4.7099381917615375
40.02171937569523
-88.90902798478568
50.82670905445619
98.69896286596043
-73.77736237516694
24.94200788792118
66.3472319549306
-27.601829129122862
12.349988467155626
-74.28288806528762
13.394195817600647
53.7749212563167
19.183581224422582
72.83719410104325
25.19776218072107
71.5322210131848
23.43118655543877
45.99403288046585
-72.3456299114801
43.20272311908866
-34.96126116004534
-36.70829956063484
-94.76462248140069
-39.105154910321005
77.41922349234625
-92.91514819332517
-91.42413720125259
-20.027601356790242
73.42306611385709
16.132956604336314
-4.406179516612156
46.675433439023834
55.88533504223733
32.46076440129181
42.37813390149694
-53.77617164707094
-20.92313229285645
42.17272145923482
-91.81616863049062
-19.091813142145213
-9.379587056932536
-89.63172847920089
60.013599212862516
-61.98078380854588
-6.209373829999507
44.00286705348171
-51.59355340221416
63.98042485459956
-57.270493634053565
-53.59786342419775
60.921886153892586
-70.00176746796669
-3.5359051326689865
-28.716194346358904
-73.76558296274855
-99.39662605188325
-39.04226094955183
85.17102225561575
-39.71046424925926
-75.82760294862382
4.939598556654644
77.54106357722449
-0.24150532189261753
-64.20407384501448
-61.73620385088616
-38.085498993186626
88.00536500761694
86.06456244085018
98.14647913129036
92.03723503889606
-72.79411885412668
56.53648289930976
-52.403130293862965
90.83650047586596
31.719570539992333
88.72242357317757
0.03642157472486929
14.213556269198165
35.46482093240871
17.891601133115103
-8.903908773675681
-69.12112543809039
21.52644198695961
82.22258353386331
-45.86145300844473
38.885847767965345
89.69899242234874
-58.67227911914637
-41.742041338723524
21.48887510125364
5.962128560636941
91.74059784587709
-9.294667065081171
20.161916974069058
41.72103225645313
-73.9363511398437
-73.13886043146005
29.314431787791335
-78.6980938762969
-64.18246842741335
-33.64083758483312
39.41503849062727
59.81859123798418
-24.881556796395145
65.09128200185052
-4.462513477098511
67.86934292866732
-74.43532487928415
88.28567176458589
-5.365456133795732
-86.12540081816447
-39.416292730155654
63.63021225396716
-36.056566714893144
7.739127455506221
-64.7049603016928
-13.773787686286227
-51.69947694554957
-43.93753687025814
-1.6903532162391173
46.346496236469875
-84.31707404900284
40.745365105561916
47.7160949260213
-96.4146621111681
-37.74088835929974
-66.84275253550246
45.77697521428442
2.8069584275188504
-25.42453871260892
-61.39256342735864
16.321436952724184
-27.25569080705003
73.51880382042063
57.77847557774584
-88.81463514283392
93.64313630981829
-75.20898317507994
22.618379287531653
48.59110543168771
73.28333017772067
-2.0601583072523653
75.33499507948804
41.59646871829037
-73.87712503887755
-90.53354339945105
-91.49978703203048
2.7436778114250444
24.955523744572304
-81.16572127555885
46.78280277063561
-36.572590077121816
43.29522661386221
84.90786818356278
79.73140365208064
-12.357534524016074
25.748036931260714
-58.737089333250104
69.48558890946578
68.11988211797015
-62.06411743395748
-76.6371423499908
20.561655877838646
-26.884209946352854
78.29743406008274
75.92864111487395
78.96378208774152
-96.57519773659476
-12.66041044658661
-40.06920695363934
-22.0046224234474
16.44757127768412
-93.06690329438312
95.01468842772118
-93.94453920590618
40.53002971715719
57.76065413564703
17.02913624695637
-32.730426020665405
9.46992233886344
-29.735228394035815
-89.53474482665918
-40.474775270426
55.19276256563427
82.13936912136947
-42.40865790810449
-50.77324009461608
-48.22557992116552
86.34702671678329
-16.438733574140542
92.94527678622325
39.68388655118267
27.852556335274187
76.20105194551473
61.93553535913705
-23.238864597980566
-70.4278159073592
23.747636457220068
62.80471902110878
45.26768574151055
27.268438782629275
-46.47092230805243
-35.809648458021016
-5.693700637983625
35.780144307849525
-35.44897205416322
-32.93877149583737
99.77258299808182
-37.79068152469536
6.039270687636929
48.55060478644066
-8.593094266623154
51.067154927861736
96.26736963165331
-21.52393938176141
-3.922814518301692
-35.04395073576593
-51.952507549664894
-98.17476131269748
-32.910801764983105
58.040431051837345
72.55210691810524
-96.83568294787106
-71.32299927972572
-19.998855900848483
33.530446566141904
-26.872965060146754
-98.15917791295105
69.57577756363656
70.87216495260222
-23.247156219502926
-81.48465893264091
-26.152020049575043
-77.81966342590943
-75.2790792639322
-42.900121151243795
-83.96222148313996
-98.30871810700481
87.6032261825649
12.769257580476818
-79.58339500944001
-35.536655651725596
63.82999084850431
1.5846565947740743
-86.43650318723013
-2.2046027183259156
70.32656299172598
18.860786377227015
-52.61028347850123
23.75039620010999
47.301214880254406
69.12956303528006
14.34624398241256
29.34663712194552
53.217960482651534
13.110363585415598
56.06113947630507
59.763288192068984
25.362319618884314
-91.61116380365273
29.71114492936354
-41.43446890642657
-64.93276879450987
73.40881646834768
29.65545871380519
13.221816027242909
44.909699470070166
-8.164269406226438
-85.63326680018983
-64.28647208652075
-82.67662320703562
-17.09306302193818
-55.418975561470575
70.21295622833165
80.75335751625713
-78.81760113004246
-35.85882768165112
-27.5955305964456
-78.74738224359994
-66.32852786852494
60.33754000057914
-69.77332285856058
-52.48759304061708
70.14436399125225
-12.14608248760078
89.96063461815689
70.00098218491192
15.08282876443539
-52.70184557445481
64.09475378113419
76.99042915517504
50.206548102118035
-1.3988035047955805
-87.14575428900562
-27.406486652706263
-26.57969746887916
-88.88205772622571
99.54351619921619
-85.01354926536138
-10.172012218958997
12.073671128867417
93.67784609968913
-3.2419701583706484
-0.3518879199383633
81.7149769239283
-45.57958959909263
-55.486431848470104
-73.19131485344401
64.19217009948403
21.24267616669971
42.63323840626228
-76.67928734521621
-30.872439390692946
38.51662045838725
15.882023404800634
55.52662765593507
-44.72806805074232
13.232975704063549
-74.865240384836
11.64032765478882
37.014828516284354
-8.65900455033281
69.72298722679739
-72.16866300506285
5.739739522478459
71.18137970454532
-97.14771697605894
68.77701238400752
-96.37428508034442
-27.202038919839538
17.57130111049274
49.51677889735345
66.84568706380881
-32.28240112168163
-75.95084717560974
-90.22783888617766
87.02345921986009
84.84912682482349
-58.71104904112705
-72.67649700136704
-82.55632526221596
69.48915352539532
-91.3051168526469
25.541314126672447
-26.431919220697537
75.06944811390599
18.56347970233159
50.718501335683015
91.63375999904923
-19.650743789062687
23.777149219661297
82.08493290864189
-73.91754167457931
54.04143761782706
-23.281603085044907
-86.81748141364373
12.647162267556752
-42.527874904917454
49.88225266785659
37.82845163053045
-38.47448769559896
-23.52103598556117
-41.787632899538664
-93.42733209943603
-9.879953633248121
25.554506323832783
-77.32193941407456
89.02640141880366
19.05688724909251
78.40157467886493
5.1827374554607815
69.34741474974948
31.356097066599347
96.37248490787152
98.41023960641522
-49.31212470890591
97.5288279647192
-27.188414784583983
54.81830044477147
24.285812343338492
-89.55536269382824
-72.39668818376475
-56.47840054875806
-58.49551202237235
10.328081218622785
-30.23626208813394
-67.87996787370435
56.993230266312025
-60.788223724988136
49.06123852183387
19.38643488741623
-7.852400601854811
-92.73585728184742
71.05271573424483
-79.10860836523217
-6.052560599540072
72.53859639861997
-63.437856135822976
15.586469881982708
-78.69647177473652
21.536736898397905
-73.05405480791593
91.05995819123939
-79.40895267448886
-55.64420734119886
92.52346842929299
-18.8142166129402
-61.57023361457048
-86.10745498165507
13.84835754079856
50.40542310408574
-14.89034810550018
14.291423179622882
-60.78270515460984
43.81859619421178
78.35122665776069
-7.400752882135066
10.7638298448137
-10.828251192489574
37.15329838940701
-10.799437244318796
-11.773651740807892
33.207937554625914
38.14970364167988
75.48417962926581
-81.13545672729143
20.49824002258167
31.135334608602477
-50.08823548674775
-87.20612525581623
16.420319734025597
50.08778487519916
-8.329388696960422
95.95969746944303
-53.36365707312763
15.655942885006453
-21.1725315063823
-55.02752477723638
-64.73695404783462
-80.9703184782987
35.41083991285038
66.46332896497069
-82.75838015363873
42.26858004836103
27.59242369455552
8.538941732871706
-95.95762597072014
-80.74666271397608
84.58603044457601
-19.762566686150777
59.882744831762835
46.73487261980435
76.3162543383051
62.84725855990192
41.41008014152314
10.767828907606543
-28.645506324361364
-12.489953610752096
-19.111684358258984
37.96343428281469
36.305342540294276
-24.99708416948829
22.025361312695367
-76.41681488626755
-77.43419180523182
58.74623036016101
6.440608459507246
62.247306953617255
45.007997040104556
-49.94073707536894
-81.0864681978425
-59.22376473902264
-78.56786335692081
91.01080571764166
-84.0827412870623
-73.51452889552004
22.297390076723758
-72.6767706995476
33.87458580552115
-72.78671991868441
-36.94872872465802
45.17653075924275
-40.7098293019275
99.56538386424455
6.491859261440624
-30.362101719849605
24.65150975755806
-96.22484879381301
-90.19569519993411
-3.341388507802833
-53.01044264037833
-44.53495862240273
-50.82589376874562
-28.100379515694044
1.2363745834528714
35.3076635835788
-69.35255247375285
-62.25836773019262
-40.639535337441735
-93.23272013534947
41.83933244882326
90.30737081922112
3.8491667836057104
-65.46876851565169
66.29940822309362
76.85184009901712
82.0292875527173
-78.77367002102369
56.110748411065686
-74.38794605566073
44.633840606708674
14.987430485593322
38.74454976053261
80.07699159611423
-44.47516211758051
74.20119559958806
-58.22381572180782
-15.984458705343712
-2.3155000488764585
80.39590349675771
-86.71013234644762
-75.57046892136569
9.257725138351276
74.1330972743186
-20.15729929169055
8.871474046522394
41.34815707370845
-2.0015342828151574
28.66752351535041
0.8137072510826755
