-32.47836529972139
17.894237029635548
67.42575603967524
-53.749403357905365
-2.0149460607640464
-47.0700845528764
96.16524701517943
13.017857982157068
-36.68811776504071
53.151853375315994
-1.838321127691799
99.4634881436655
84.80597453901765
-81.73946712279452
71.87620787743751
43.87802718377981
84.29265420878087
46.45016846020576
-57.22495810390782
-54.448267613730536
75.92122662063747
34.56959030289619
71.09264393284798
88.8744488292084
-30.37010005743703
-44.85455974323822
-95.49765817907672
49.02869917878999
23.75439681816924
-33.19617885651083
54.67939906577698
-85.89982199518292
3.7969219014001965
26.89439255752559
29.820054862847314
38.75476010624024
-83.84365288648756
29.73645942377067
-43.4795985829948
37.53352709378126
-62.01287497536414
59.941691736216455
41.529276450776365
29.493548613292177
-98.4948679007354
-49.657472303028925
-37.88700771433402
-67.22808180555835
-32.34161296673402
-64.47552926408866
