-89.89452685247245
25.345810417330455
-2.338936986863118
78.21474292739191
-57.67044920104843
-84.66759487625934
-94.25795664073824
60.06799102013565
-39.883381589940605
-63.49958667650102
65.8656051927187
-24.546005279131336
81.24739177184401
23.85166860869481
71.71698335177138
-53.13870035806423
-54.349245745802136
74.00361349947923
-30.418703762680252
75.93493436585808
42.045013218749574
49.43392425079796
56.71017973278046
31.605511587741745
21.935584070316352
1.3515438006172644
-24.505157969535645
97.41457603341979
61.11682104287908
-46.14028116084228
39.24276762363729
11.645628029656137
91.60035990079385
-83.73026048183958
-8.384467668026943
-75.98466436422825
41.33347998396587
30.642249633915867
30.82430836121327
64.06927865422406
-99.13729944029346
-1.216364664899487
41.673121450475975
-81.97107385082323
41.71133406785415
56.36962380912166
7.016271985400422
81.12391040821691
-16.885702776975123
-86.87593139628878
-24.39084409783807
30.193182435132684
-75.93679993251472
-30.261348711019025
-27.00393693604792
52.55702458657666
22.38114964602333
31.960901476183665
-64.83259027468593
81.73216572262263
91.29621213369239
50.107100063150625
69.8699315457362
60.35151260997901
85.52535169076398
32.26788444670774
24.334100814098036
-66.7459314954268
5.094502038624469
8.826884259634426
17.29712369753527
-36.57634842800226
40.13106128538652
64.9290659679395
-70.26850243379363
36.18043285035793
42.83805888952185
-79.78448777081428
68.10690690461928
-63.934373183084816
-70.5716788429811
-16.6679011447862
-60.36538313099145
-60.318167595872005
-6.296158766600655
65.8958491647318
-87.78826405243545
-33.42898204020146
-64.08700114175276
-79.25944362168431
33.47893287882437
-46.47712477733397
62.77893576160568
59.08718004731358
59.581859865102956
-2.8856162785877615
-99.53738877183709
-14.2961162052013
91.4265108797421
-44.034057815973625
64.38700964276313
-12.170247644482998
6.628965769493902
10.815436431671202
44.30649296323031
13.682203887701405
90.92211525826201
19.63877973616468
45.254828677485506
55.78057345239981
24.50175997699384
26.228698675848833
-0.4536689510331371
-65.39482550211926
-64.42921830340399
-47.843743152385024
35.156453053877215
-20.392250329305938
-0.10690830761951986
-31.50488298359531
69.02393709268864
-52.94393651620635
88.50477878323949
14.475086062655834
-87.80886098073157
-93.59128443105713
-51.983923536405975
-43.55687697048067
-49.05878273497697
-98.62256497936004
-18.161595604554464
22.718256350267566
34.48771844569305
11.168640972114162
86.5076533294241
-55.784408198411775
48.1253410096771
-52.87090065519906
70.05569008268483
0.7390278545901197
-70.38028096962736
19.804104139056776
38.618406172470145
37.61703400191999
-8.930670847011541
38.8714629154764
-19.02340757585179
-0.09541770664766602
-44.60630691348968
-64.7560760320014
56.72784476786342
88.24577844788058
5.382476462762085
-58.163738775975894
32.25785054493835
-79.48497616279873
-20.265198071061846
32.41818229476661
82.24607987570727
-99.95011571253582
-98.42695030873318
94.8345669292743
54.50125860911646
89.38856408572713
-38.96904544550457
54.35168312654895
29.766850631874263
-35.73265524874128
42.28693831233019
41.02312078183937
-11.6224523132759
-16.67250003860714
-35.08297168742003
-77.28485597861089
82.18897922406416
88.41849977734154
5.137632907430387
89.35212749411855
80.91670208470387
-63.493024481818615
79.2105536682597
32.368773285524554
-77.97594634677445
-56.44172087531416
-45.913181051065344
7.469310568949325
-94.31488544095272
-15.57439041031175
-67.65845448690062
-93.25187832944776
-88.54802009990253
-31.82780171754878
-96.79243679398772
-8.204229127892873
-33.11645170215614
-83.36015495377147
-56.9922561791695
-86.03301005949365
-44.996201755030185
54.363109562465695
1.6346591907127248
-70.16316517602922
-82.76634077789684
1.197819022684186
-43.337258246013356
-93.33871774499964
-22.82170444784859
98.75642952317241
95.14434821862298
58.00395192803046
77.3579968323061
-49.79917096813362
-86.92173804430496
87.46474356789955
-29.428754311719985
96.95166734584473
82.30249563765264
-83.94070745886326
-9.404254411863121
76.87706054364395
-3.8682799084941166
-74.05847837470802
2.1103445241508467
-51.80403261824635
-50.267401747889465
76.66712762587366
22.56845651416583
40.81167241922489
90.6658823061602
6.607048684956808
-95.94336456154795
-75.27449787636473
-58.389100414418934
81.81022740094258
-94.32654857968463
21.18623954037008
97.21955937090004
-79.71957446351666
12.066217218543258
35.3243129736976
62.604495850594304
21.648678374450952
72.52481779342088
34.26735007353656
2.8534799054894506
77.89274650753728
22.938264188272782
-86.79491498224795
40.84980702065121
-26.638029726045787
-54.38656581016392
94.92811444342934
-72.23571415414247
-85.9583951617603
-23.851631749755356
-57.253867152618824
-45.62469104064741
8.813791556410223
8.647250021783108
34.122204973371055
37.30296284882456
-76.8867219025727
-70.4326787670372
-97.01707262525115
8.813819764529413
-57.30615192000332
-62.43445862935555
43.29174722726205
48.043664070743944
-91.34600322666026
-50.185318924156384
-49.21085369727955
47.65391534294645
79.2819958701057
-2.521330696845837
63.72663181313766
18.718374686772222
-54.40939806058669
-15.088066363899273
8.50711051112016
-48.59525030485714
-77.40724981409917
42.34100194485751
59.00538895544972
24.362510547453226
-46.627963183616636
87.36583088911348
-6.235992324207132
51.572902904837235
-29.69906703565941
77.26902153631099
50.97005230146874
76.5514301550117
-42.86562896227941
0.7720056443873773
45.138898441681164
99.15389439591283
56.8837979383859
33.62451502109508
74.24633740736607
-40.9079014154812
-96.55186648033707
-9.887540683360129
26.091532817913517
-15.789715596015029
-46.55043722879459
96.05104683068393
-85.90154190146653
8.082469107744885
-43.67472374451078
89.25061248629541
61.4402848451021
-85.34739098929857
-44.18952109105278
-51.48057022520236
79.60203554439192
-0.3694586840798024
-49.24312802725088
-27.784287326136308
-13.380583174087164
-87.70272818662741
53.99293923113501
28.375195587919706
40.00497067647993
91.82244109344296
-74.01096090133345
-8.32341637932656
-91.3472063279979
-81.62019470897084
46.28551328212325
27.4211526769748
39.97195533199559
-81.57112807223169
72.47570590152401
-40.44651053542343
-99.3304762415633
-73.32915234073674
31.906299618315416
-83.14517584700133
81.92121570204694
-94.66991145864536
-15.833989587364925
66.98732353191329
23.945735415337438
-81.41846782867162
87.59912818012404
-47.17969885226763
-58.70713159340932
36.46146641457253
-7.102174700361786
82.00588927362526
12.009623457323087
-30.627464983075
29.403159068808037
-54.42707108407083
-16.764348231511022
-32.82991187045296
-76.9117927708972
66.07784945883765
74.60822709758986
20.311876376168698
-63.79484142555476
-32.74175196856362
-7.576572673287686
-83.61556740831432
-46.027367801880125
-91.1498631587156
-1.964633486001972
-5.671093328686098
43.82036596786989
16.81044965873828
-33.54503397702946
-32.92727168803316
-65.53099919196816
-22.027367733149617
67.05315715854078
48.76803338141778
13.710801941140005
-87.06622395429369
-94.00215911253353
60.24443803789512
-39.88240151345295
32.17337628790389
-8.93623677252431
14.254900487063637
-53.33838746643189
-45.87818711359786
89.85681474439517
47.438649537137735
-90.30655949834596
-92.28708405090626
-9.579182421658516
49.427216663681605
58.50541736879603
56.52936556634552
-81.9610082304097
20.621361993923614
65.24740524349824
36.42744038243575
-68.44115174656926
81.43250094333115
-98.1906172392977
-53.789664067819686
-18.67639395111729
-22.18084034479311
-51.520329330896544
34.16842559665051
10.04110140634316
-23.525357443141374
23.6982418107754
-49.16995205155759
94.41793434658504
0.3022927720087978
-73.44515937886078
-63.059688500707686
46.20765678766824
-60.214243417709355
63.94461542849098
-10.611005095938864
34.1789630042359
-51.350278167525644
10.765412473818259
56.06861033955062
-9.111396386518877
91.36366766770462
79.14914926030548
19.72448658303243
-82.60483432654706
-0.1235648756924661
-12.62575792444349
-56.67090090758584
98.96615489447518
75.82727248453321
-80.56587272649749
-61.302527202104805
57.586856073977884
-50.60612628639818
57.619109341455896
-94.52365062412147
34.634988913855324
29.256020950817884
6.709668033973571
88.01639279941281
-46.67383461744898
62.558451892482196
38.51233430703931
-55.6647264846017
-59.88379974728073
81.07985640603988
-99.83950180121903
29.878032211282004
-91.2544722505909
87.4305200225237
58.97054928969655
-30.179193434812476
54.501374572657255
63.9375129261731
-99.21474405092248
-60.40484691512062
17.356819843767184
10.528929802652897
33.06030011692559
92.71109140425116
41.634299134236585
-93.50529964381214
7.56475834121278
62.97847611199242
75.11204276252485
73.98327548057324
39.61068695505608
-14.976062415181346
94.32227839281074
31.79446022593072
74.50475499524754
-67.33463250184539
-47.15816385054512
-18.054167722167122
79.54123808606982
91.33462294834877
61.73342244624692
97.6944201543875
-15.672032442683985
-87.2962614650782
94.48927937561987
-59.83245772350087
-20.484528728841966
44.15979105658772
-99.11904264589437
60.25129675988103
-20.4587184703025
14.558319256309034
12.719927029422706
-48.20276617211909
-57.59925950920479
44.265210437329216
-7.094109112794399
51.90892581280352
-85.01178526213009
-17.49361197556172
-70.84533523293639
-5.571637774087051
51.31123956991607
-97.00112298564014
-98.84902140094619
86.47705417331528
-45.58783350956202
39.380183579812865
-84.98700393338558
-27.558923816117172
-29.171404303546836
-34.85372870246124
72.86342476511322
-20.60594888802055
92.3766402954223
96.37389750418032
-72.57601357150469
34.986581449939194
82.59870696551485
37.96736877017673
21.924248230897646
-22.454099029004595
-17.35457690147358
-27.42183149012574
-71.8777934882523
-4.333808978288744
-32.1611882836407
-21.852854460375056
27.74988464780688
96.32212017844154
80.12646861073867
75.18143132054473
97.57833690679703
14.248524446034864
-79.8016418488154
-54.74844845003681
44.856082148088404
76.24974372780324
4.311912319332706
12.417966832191425
78.29196374047996
-72.57267421339296
-33.01225474220024
-39.589073200503535
-63.505607854960665
78.42542890604582
58.638087706464205
0.7440444193004652
-3.8694219856728864
-97.82475856154629
-72.9899384010116
44.44323215733428
32.21503249878947
-54.74333572508252
-55.32160361896137
-14.47505225352701
95.14249596014034
19.235186046497347
78.86883083351245
39.21931713455305
20.50801007379239
39.24292093967142
93.92844479813286
-67.10889997055097
-11.401033611519054
61.83900789393303
-18.964807049725138
0.5039369214918707
-33.02231406082217
-0.23818756305600175
39.03697724717
28.0595193876498
-98.7879900042542
89.34766846384898
18.179058359460527
-57.82369305021548
7.264945014554883
-88.26675308272867
76.84959964416339
64.02547691933023
-70.298011919771
-39.941670426266555
9.51061850871595
8.872254443604618
-44.225818655116925
-60.77839989040685
-3.8689942711624496
-77.94950380402854
66.53296214462449
-60.37778213336089
-95.32214039595061
50.39748747297074
-53.29220186260255
-85.76850310538342
73.23492525033933
47.44675584667809
9.418204635143582
53.98632299825266
-92.92750996276217
29.096467439202343
-97.85540766738892
70.54229756276786
-75.44618527650951
80.05359236298187
86.02310261121056
-17.94995500110818
-44.29277505037892
-66.09122097302497
-43.04386590270748
-63.48236069021864
84.44587494701892
75.36563807426745
30.092231789671217
14.093650918355323
-96.5453996239498
56.93920439156369
-20.60554312642411
41.98505350136077
19.052448297142917
-62.11064871363385
-70.88861771044184
-36.58489835261483
-5.808653024775452
33.38214869452324
-30.421231009840227
53.02527582183808
-6.8358040972537
72.23676444008666
-31.463438383744972
-88.64245632025916
1.1295879102042363
10.055933093452623
-8.631846761660938
-42.19706057444084
70.1695082120111
7.921351560046631
33.528914756608714
17.984319446125042
36.51512950865481
27.89427193699781
-81.25801293702216
55.42216891663796
46.78106353801638
-52.052563801066356
-26.0309841043686
-71.34136574749277
-17.040663699926654
-36.04539506737754
79.08571120533213
59.89451929847064
87.12486626727738
-88.90364204147849
4.660644858696131
-96.92763372373874
-51.738810468003614
-84.26937627015849
-16.181557580418044
57.76654879269125
53.63042900639164
-85.68777913939356
-69.24390613585427
53.73363795753798
3.3955742240073192
-23.12793633839776
21.847368264460584
55.90115792523892
44.84366032690889
0.20781123813205227
45.38006519190051
64.3990523789534
12.09233028305259
-51.72494408974628
84.44751010311415
-26.283812157596202
61.36552655589463
71.63621904605859
19.61558797593956
91.28198436809689
-41.3754991171369
77.46327410986885
8.021651143026446
-21.406092223641934
-43.4120076065567
-83.44155138820688
-22.917016399085924
-13.307684571411272
13.019009693298855
-74.92234256818693
-31.11800693946634
-5.037821438045526
-54.69176539699314
71.21128753882101
-19.108600525135216
-44.96553268490935
-48.45467183482837
-20.27916346821901
46.51978785747323
-37.11566706109603
-40.697091503306424
4.6619459669330325
12.109757467160748
-48.50732178786523
-11.062318773358996
-45.51990980574103
81.421646088979
-56.9955774666308
-83.8991287506724
93.08747443203046
62.73029460566215
-66.7215362223117
-73.31334158629272
57.103302310746415
-40.97146524381679
31.095909176565954
-46.047378980142994
-11.679941064886592
-78.23833427025968
22.190392951434077
-21.27188616619904
49.318704032647844
56.92955099070457
80.13204913009926
-19.8033743210639
19.81344138659236
-62.689527534498964
-74.64578541292859
-77.95127878302131
20.348619632496835
76.42032776557753
91.25878503055554
-4.506172399805536
-69.46897219635218
77.43165235163349
-77.93781556523003
24.780812976709626
90.74701069623151
-30.524057416286936
-93.58420990371137
-94.8644743782864
-58.055409908262234
58.19676168450752
6.992661673398047
8.917730377998595
-7.036233929516385
-27.307447921280286
-73.37311321358307
10.038611803553295
76.48279694975682
-31.699085194426544
-18.435356076249292
95.17177845923993
56.675524802250095
-69.99547799447818
59.410369535421154
-78.38620545248682
28.033678122199774
-85.42305344699996
-48.112300071259284
5.408853502039051
22.65432222050711
-12.166908940577812
-5.561609808460545
46.60346491443491
5.651523906518946
-11.908609983964496
3.562610610935806
-97.60912928597598
-82.96480401556784
48.22538752661296
81.6183763722857
-8.337753278432942
19.262373643842807
14.463785593639457
38.892307609477456
-55.81577422091861
47.527091771476904
-53.26852520289249
-45.06967767258499
10.628328633189568
-73.12374589148027
-1.407792246726956
-7.274495649822583
-36.03557157906761
14.236034073578764
-69.02129901045424
-92.23442947832407
-15.409367972691939
-59.9143863324378
-89.9009226681746
-20.29814339716947
-80.27001528823652
-2.4444396148728202
25.926268811998483
55.371505174049304
-15.776097693330442
-18.112079761278594
59.369172619137515
-76.52788867166456
-96.22564192181461
-97.20351053255676
75.65956867954131
-24.850059085025578
-46.73803489163022
-57.00809032633283
64.26263528958322
-14.681643200963833
81.74176235261433
-4.074450442192187
-96.48367169470862
-45.312809472581606
-89.30485663145924
-13.857587696442408
38.67399117350979
-47.79592519884821
-28.83008792695381
-20.463507657494745
-73.25476262073315
23.224083532687573
24.21015760919738
-20.024062396349223
-94.23801214387619
-38.00579169232077
97.34921928375874
37.69321851514823
-33.439006234022315
-98.91139915991735
30.53231019094588
-97.97871811683632
-93.15133332566879
91.19065963344596
7.67543659218255
90.48290784302034
-26.314440696336177
63.68473672491285
0.9154354905837749
-89.60181281686339
-52.181239449027615
14.036339938714121
-8.618870138471209
78.89043799243922
38.15545837683274
-33.38615792110279
98.70032871837591
-82.30551167474067
-18.47816376541536
-58.25494504042354
40.415558914833554
-8.141830052903984
98.57613298002298
0.8331138105472036
-62.802096438707046
40.373731295942065
70.47352525978474
-78.26691251913671
-99.48383276960548
-18.53635032436887
41.15557276782974
-92.5112023640871
-54.02823123019536
-61.52403987980713
4.452814143555344
58.27543043791462
-64.15880479827206
-68.39608286597732
26.286321921056228
42.02179134901368
-26.726872855887905
72.1199788124471
-62.135249066173245
52.16987723325133
32.96987709608797
11.075930943926963
-53.792772448534734
-41.322846351878994
-61.419438153753994
-25.4007624774993
-44.72128181533594
75.93643468681901
70.13997945942972
0.6955050319000406
77.07524654162731
-79.29002327117828
67.1349456932669
-94.42301975662805
-4.947479096201619
-88.32299469451999
-43.0107401981586
-91.7879862072708
-86.0007757826759
17.41413168630484
39.54254298163039
-45.5194939488591
-38.6368052488723
69.55702058232458
-88.27379650572536
-53.55689778900796
17.24204890122411
13.34884291758776
38.19312777003822
86.51259472233625
-94.42165636985456
8.761901857979296
46.51237310581024
46.46412174048547
-15.80972589012191
8.130311523092118
-69.35790022321271
-44.75369898677683
56.118320328964955
-49.03879265404376
55.002351947718864
78.1089901347029
-96.83744524999949
-3.7339568591789885
56.73064313927145
-77.59934152899564
-87.73525608045148
-28.163370477187513
44.764486567025926
-46.19329476433309
87.19462928202034
89.34038544424311
59.39340966882193
-37.02032560834534
6.4815170022613415
-27.796831170963927
-35.63437946188883
50.63435307270248
70.03158909111517
22.086811576631703
61.40340262451309
-9.251567410195733
-71.86137684547504
97.36522457333822
88.37740342522153
-60.30825434753213
-44.585757229270826
35.82910953488275
95.60757272822298
77.16820330369859
-97.76735046488602
23.80323558479327
51.294331081711334
42.967860051465635
-72.28614036964368
-52.362931063949226
-79.33787463958946
-78.61254487357003
-42.29045480616067
-58.03049075018614
25.678429511231073
13.249342538360892
-95.33104872212006
31.764218390564253
-32.81041472719572
-18.16679789149825
-35.904886206749254
4.811811441423728
66.89073952568822
24.04714632353722
25.285650401799927
61.041868038478896
-18.19480144433669
-58.38152461089352
50.23588567255001
-74.18299772517263
0.26411451830483657
15.36744176931326
78.32928085740042
-70.09790060243719
-2.8174323293828536
3.0707973232347
26.306231650712306
-45.72620745918212
-22.399369823010247
-47.6170163306783
65.49477675116475
-30.6627707165827
29.137338868950394
-20.062154664913834
98.05222107007424
-30.154121600347963
-35.740090768006766
50.419941478847335
-15.274204066866389
31.03019057227573
-78.85236118315552
-65.18893069506177
95.4135797155692
-70.51214917430224
-15.116677080828865
19.361517863873104
-72.41152525833361
78.02076511337899
-3.075105304156594
4.133064507555531
-65.04192697320232
-89.38276550858521
-36.30954316629806
83.54727959075697
75.19372578531903
92.56228220556855
87.82328789957995
94.09354786145937
65.73581550754156
64.85330583966805
-5.459824880557363
-35.886213678773316
-3.9578588217775064
-55.00028996070883
47.086097827452335
-57.92056364287652
-35.96901662431442
51.36337832572784
-62.38450126258537
-40.46064296708347
82.56557383386084
-28.22159002942557
-19.502545429107144
20.770483682090628
89.00805384102512
-93.0596460833647
-66.4971931283167
34.8834362973505
-45.18006493765307
31.967427625955338
-94.88112731990765
12.536579702596697
67.6258275606954
24.236691927019322
17.64037460406172
-65.0421586869258
88.94410071146666
-12.229775900044785
-41.18930891791781
-66.97685722469848
81.84362404289482
-86.35783884481293
54.72637058905826
-44.27238276324117
-79.10526911883073
46.257810599635945
57.566254120209976
-84.7318045728905
-40.47984972200225
3.7216718812139504
-3.8766390198824894
17.858039740811662
48.972791877357736
-87.6472626293513
-10.76610893486469
96.23741539277438
4.446170167717156
93.99534745493668
4.8850728929395615
-85.04127934361061
0.026106575851954972
-78.92310583124953
46.065164005207095
-52.543401999728914
21.59482870935328
-38.70948042870015
-75.54002022469525
94.26326078306616
-54.0407880816121
-84.68630315027875
9.743595994658477
71.28971392344553
-82.19812924260049
46.87699809977104
3.8860321993424236
63.95988648450506
-72.38056177399821
-47.37832072069696
-92.38713068813689
-26.9333314122711
30.576108288802544
-26.49279327822154
-94.81771709775863
63.393406656931006
-99.99260385458557
21.751495192950856
-9.73688564601676
90.5335080227934
72.8434151103665
-20.807348979071463
9.16146823516604
20.983689013215127
7.989342398514893
-56.78458305427567
82.9810054497224
-95.34594807541667
-8.58391360101895
-63.28697387308364
-11.856059373710394
92.91171203844522
-43.55248431328409
48.04526311932483
-58.75545553252315
-57.04527123212544
99.03623561039885
88.43908973076574
8.05042177813047
36.86956972237044
47.51946358698817
-14.197145235982433
66.03806439983313
93.52497418347053
58.069113653434414
-23.636550886253275
-98.84666229283592
-6.270745605893779
98.69661953760175
-70.64236896330867
-92.62799949930402
-11.182960873909181
-51.39904701776683
-1.6997443501193032
-47.70649518044303
0.10613157472245405
50.26650603262257
-13.85375096168346
-34.5815435525586
43.467721566089125
95.85770999619294
59.44364798056023
7.119019124998388
-30.766514236177926
-25.929052310630738
-59.21794937051881
4.860758694852336
90.88289348392041
55.057243031314925
-5.956241042095371
-19.543078125669084
-56.863312404383116
-93.28657827185889
38.76531565478882
-8.36623159638603
33.60507510663186
-59.88955879206874
31.37078999402732
-28.524897698152273
-13.596608327440634
73.54543905155793
90.57294894989337
-53.96277160939036
-92.63971618436236
-72.14698992606417
2.43231157151358
-24.574471667615327
-14.845523113050717
78.04572819094628
19.728355849063206
80.66135327256063
-41.15795006781082
-15.983153759145296
-43.01412808603931
-34.40100038736567
-90.794638249514
5.7886345085755835
60.967833757342135
20.202036892340985
-24.818300930972697
-52.78602738930949
-6.884084753070496
-6.523806414167538
7.198937102240819
-69.94430980769604
26.411442006425006
-66.16393134849619
4.03582713306659
-80.01309946857398
-72.99534234478166
-96.15029576520169
65.41037615124768
-85.79266154468334
-87.53207743193005
-35.62155308619934
-32.59125544863623
6.855791433702166
99.62597999362958
-48.05037582567417
3.0291746139176325
82.56444177174578
19.100956458020903
4.144746478429411
-60.33110862497324
-73.05121976673239
27.040072192315407
-38.90759833155868
33.567825894287665
-13.064468861676602
41.904973405232795
-58.70945621883863
-72.31588844345933
-45.711508802249476
23.94434560353966
58.69664645408767
-69.59437290187327
-62.02442316079741
99.98422936865455
30.668031489003937
20.27480136434157
-10.768616643060724
75.30566335913244
-58.04802273764038
-15.29926112275544
-79.59946066297483
-37.43365563119709
76.77303011155101
-17.723469393464384
68.80688904183563
-13.30236131733497
-7.918697060554862
-25.236724437845865
91.39699836562525
74.4293556475109
-87.28937650397827
12.860475146518553
-9.107971910508141
-28.3243883084793
59.38894954422926
82.40747377693472
34.863167149179986
97.23695424654733
37.055817009878325
-60.804592041200436
51.30860079471947
-76.66519506113012
-95.84132655252975
-17.901766170016884
91.00105301239253
74.48056009478111
-68.30849167985913
-21.671547394843515
-79.02065172911956
-14.32541393289111
55.742864396845846
43.919313433805826
98.42367424068249
-88.72041123396687
-88.17768316576098
-25.827102803543497
1.2498081616024024
10.295595559894366
-76.7119869049877
-35.33359187074451
-44.571719348072804
35.32871267326934
29.095349733492583
-85.89056089295472
-83.33171808985807
-4.331866377908838
-65.95117934270418
-63.17314025950238
-5.129244801941397
64.99608684633051
44.0054725862326
-34.146236101948915
56.66713496860959
-29.225050869644605
18.69342850128419
-90.3293013775721
82.5295491905718
-19.366839249594676
-18.481949337252132
-89.18119195866385
55.63557300161497
0.20101995967766584
-1.6963610836601362
60.20996324308544
-56.79423254659317
-66.03275235233082
-59.96918757447305
75.29123200231359
29.848944631883143
-92.02446388660886
-53.384029299496106
73.00833365722059
14.006297930883548
-71.93071831394799
-78.56265535599225
73.87478326057953
-80.20401229222406
-78.1326763440247
78.30398130952454
24.927108010979282
-68.3033540871404
62.525631670622005
-16.557973866992086
-72.8563505137291
-2.733058871810641
94.6060901014952
69.12771319166578
55.32638242064516
-94.17165875849068
62.647703068038794
-83.90743256406415
0.3792989939967839
57.70393991639716
38.581731303472054
-9.739685334415142
-29.80993721519205
-2.8826266043004125
-1.3175084599841256
29.721581982040675
-54.56682211001187
-42.15935141718268
1.105782378508664
-19.635286984365734
-38.775923021468486
45.0079187682102
-37.86750415139728
-6.526396830705153
-54.68638458702853
-51.94050462185478
5.795020918070534
67.01737004263012
-48.66537398758501
50.72942549067989
-21.317895038056207
-10.247782860932219
1.920513286741695
-80.08858835681225
44.94226683508873
-83.919007429922
-66.84153795162254
36.57853011082179
36.85476424567423
-8.697814081573526
56.314000698562296
-67.0422780015189
-83.81954995969039
-60.768086033126956
-75.50211970853864
75.09856351539679
19.437722024985504
-44.784369264681814
35.224202985488176
36.370230774454456
74.67923848889569
-96.12585159210853
83.39468300745457
-87.1346786385061
-37.85283739340293
-40.672506304808145
87.26880007015899
-7.961304929946309
-99.32504092760752
-84.35193053570964
98.46162323981781
36.82193705980458
42.175491300746046
-38.334805107614066
-23.70108408893681
70.5210453679988
0.26952674620650896
-26.3684570969603
-5.337617280990401
65.09373876048511
81.74006039655899
43.270713549092676
-14.770721413248154
20.607807926448956
2.486276267760161
40.16713451556498
-34.29757154367101
48.82531535643673
-59.04410384468353
-0.5627611041902298
-90.97413177189333
-51.35472201681657
-25.398082916919847
-92.26290553921828
43.050420045749604
75.07149128665029
45.376148436744415
-1.268131556277737
-19.588945495359056
-74.22602470752528
-53.99802233999975
44.589825935845596
19.133374504075988
-79.37212149699377
-22.940984355986373
28.4940097945956
77.13974809969213
-21.032343845243375
5.100547816298402
8.033400394906536
52.56716149990842
-34.2716509395856
85.37069382136349
0.3229084947400196
46.3334706705439
-76.5526165893445
3.854463203217051
-79.19721911294029
-8.702247267606893
-55.337330667058126
44.89348135521709
-57.68128288620118
-71.60914751868927
-40.02617050360912
-2.960496222557879
76.66770728830761
83.953285952627
77.88326041930472
-79.72192087983197
-73.06450337301196
95.05363922037614
15.29919525566386
49.19115216601841
-51.355118676292236
-13.805553929270815
-21.714693557831396
17.070660195957245
-43.750802486131654
-73.57704044625466
-4.051051864580927
16.37115527798352
9.049025804277647
37.28605281548596
70.29277011327531
-33.53839466419228
-87.58242820244627
31.136574163852828
-0.681406772193796
-14.423454537098806
-6.112892146222578
29.575747223403056
-83.28507105097103
79.84560862349954
-93.19565529524951
-41.102007134759
29.947793850892538
94.23321389265044
-74.34106391792623
-20.65001247429828
25.784280558188684
0.05966350280088761
80.64175753856995
-59.615906726454384
7.934895198468951
-68.31123234273014
-49.20001063750217
-8.91541210595976
-80.99868454758222
57.413879911840496
-81.08756938630468
87.18241374367463
-12.567149278136782
-42.28111568230448
18.857452002460477
85.72638901195259
-84.16593815642875
39.02107216299237
95.29134383397204
89.09802908234073
-27.48906262941489
-22.105301010262906
-23.474062679823987
-49.42561665612748
53.57198169850332
-90.17108748844345
21.26376954141523
-22.076300027574504
-66.75700700406168
-62.38861645456721
27.230297955560687
81.70485246771011
59.48744515813837
45.181149485471025
-68.21497698937684
60.75580046803043
-20.97025330210643
25.442462252179936
-46.31830520582325
-62.400987289791665
94.87567008372889
55.73395956826428
21.353103993408467
61.04159614119959
-95.63470078062306
83.22036714546198
-32.66412639373644
85.80568625425923
-53.28151151292162
80.77518905088766
-70.74381075620373
-97.14564539495927
46.983193507954866
-70.62861715619493
40.141116900480256
-42.01404500495063
-73.2957534589346
-72.39868560573177
-50.633176362872675
-28.712931638119827
22.269320449726067
-1.071090471946306
-51.71983211639668
-94.70517778248335
2.3737827148694493
-47.104949492882334
-88.96824154465214
-25.97263884412675
-94.5023464143701
-87.51648505149984
-35.38250215776833
-49.89964456889084
49.27929952953039
24.985156997166854
-60.45927085301981
15.661544214379347
99.11924093803492
-71.19898282928203
67.40816259891437
32.94495900000811
49.68364484987896
8.628970860255208
-6.691758440998214
-75.08407281498744
-98.86131839774532
33.8778859475849
55.97098758911753
94.37006581246209
38.09395397632008
-7.253989898666063
-74.20754527382647
44.73929540527254
-73.977819277954
26.382851310911178
-32.310062130312645
-95.62695193925104
77.24412076247177
-93.41290991302216
-69.48320712396496
-66.64968777999488
-24.033133585904437
78.21609032603843
-19.64643199389566
76.11841375856736
-33.11670383754834
65.17730021881431
93.79571386962593
13.210238766932235
35.57535796572907
70.86099793643405
11.143208911091705
70.78724956474562
-77.29717313184602
82.91317482913158
-98.07024767753593
50.175077329226724
33.295854209204236
79.83004377811307
68.76806163146503
-22.47981789142372
-34.94012258484527
3.054366755715577
60.17798891806578
72.53161356494925
-27.13836134590848
-22.520143016192677
-21.97699569873093
12.387095095842412
-27.619954690093948
-44.93529393126736
-39.002339112864746
-70.81766671531122
56.59911682207323
63.86041700033337
-57.883536696281034
-36.68287242333732
-55.09416963859828
-4.531322800148402
53.629751674957106
75.43989121296434
0.957407747271219
41.005444938642626
78.44454017894563
68.67883924515905
-53.30734881821502
90.29389380528065
-33.27082545743994
90.41868147361487
-1.2746338706604234
83.38472543297152
73.69225257618822
-13.672438946398913
44.14184784708863
-31.463752460137727
59.09862552578778
32.91324673020813
-27.9663284708177
-90.5470510362965
89.92097030328935
80.05436661856174
38.87303272663431
-44.898495320863205
-4.917250118123917
-11.787014712805018
-15.053033806457321
80.71974403638669
-98.30413896379912
-27.58670687789764
95.30382594379853
-39.56451593313612
-5.147454764911913
27.172043210935513
-22.686720178983634
20.39191592114986
51.52507096866688
-68.90561979808152
72.10758310295768
-59.74163333948257
57.01368240774917
-21.3942239226282
64.318917786816
84.64989796487254
-50.419483835950075
-65.13907909817185
-63.86325221806002
83.75144175363653
28.05142186209065
1.3195497748918399
-19.699679830172087
38.72519620894943
88.47370439293616
86.40083072541478
0.5535545370524346
-63.05228093013111
85.98396875674979
-31.024702874795395
-41.25813265047502
-92.42543742322293
95.03484701567905
97.06639677513957
-15.080038342224682
80.60870830584568
-14.063530265538972
14.086670623837477
49.7357480692568
14.88812308239902
40.355174652527836
-6.05918355339206
-5.40472374415755
-55.00302659430092
-6.928300694975491
-18.694778390086668
37.683845317242515
77.03480063845899
25.226548711499916
-0.228977038455497
-11.305813663062821
-88.86431750305385
84.53749855833266
-59.32592953343756
-77.42394731682649
2.778448337503292
9.410572356666421
-0.08824651805510086
35.48043576329192
-57.71892655687443
-82.16875269040153
-18.39025998198464
-72.30957745944625
5.181380220312562
18.044560829362496
-88.97200971221444
-32.72269596275481
80.72395228405455
70.85305638067172
-40.44828132790088
35.19571539588637
-3.9121591434900154
-31.308987149329923
80.53349572763341
29.977039527237167
38.10306333680549
-56.87544689859163
-60.01406090826335
-88.06158701670212
-34.94268792419663
-7.238608314425662
-13.835101865749394
-16.17697567376139
32.32449094053385
50.17092924231264
11.34003889330937
74.63886748611242
37.936185088180366
82.44550250565149
-25.800821139584173
-94.10723727189642
24.851160261828383
-29.32616167689335
96.19065662054544
61.5137681187519
-8.725583726063093
-59.68128204172851
-24.474537429212234
27.33766826498598
-7.177836780307871
-81.46629098762082
67.10220478171152
-20.98467508961359
-29.246437160961463
-75.34456134858907
-33.99417761911448
-52.29449254878398
-15.566646061494765
70.19213298035552
-19.02872482252411
-56.561720728033585
-53.94609654108331
-86.27388257027522
-50.0549959097107
1.900037872838439
-21.884103515305497
-44.96888274005843
71.51750494636772
-51.402019083334615
-6.693470761808129
-89.9183179887037
-50.42704158195295
38.30880529998649
-84.97556304304655
-96.40421732497524
-10.440899558263212
55.10452700452058
-94.41053927644055
52.19558432669339
60.6778336253322
96.87991765205823
-9.98247890868278
-56.96169598946283
63.64054116937271
24.419379546979656
85.15676173653699
17.78209075637301
-74.87322026462336
71.55882911961297
4.04684250918865
-15.265046789012544
-67.54531174350944
-80.05843439073482
41.943019054311435
53.00296976476315
-17.65228017539664
88.33181214807391
-33.2815520314748
18.674515274168897
-42.90223032253444
-51.46624392548258
-47.758729608610984
-82.29287441847355
-93.47289950414842
-83.34526084644598
75.38830459516538
-92.39267445441332
-58.98374034371441
-78.82427740970137
-56.17801427422633
-7.4558910635014115
-77.23387972616223
-99.10876855469604
61.71486870122021
36.811135952826845
-32.200004328558435
-17.61499759055218
-39.37434378765945
-58.62564898594877
-25.03448677468276
-79.61144603628077
74.00811843097114
-45.2995584519895
60.430289277714905
-9.911851803947073
10.085862567512919
40.690110284936196
14.494556700854872
61.48788643875827
-60.752117570293684
82.47250456521292
84.03231697479868
8.250010373341894
82.40360269957483
-21.846155845410962
39.20245343745003
-2.4368991260964776
-47.71787664257525
22.44830778745795
-99.05099724369042
18.69005099692143
11.870869457359518
0.5789673663467028
44.21996704164877
-99.62191709647918
-10.890155774465725
49.29647416968902
97.72313210732054
-99.32515187329942
94.12017313838848
-96.98212801143656
-88.10661077678739
30.848418329733846
91.15271489007421
47.368011900554365
-94.00935255798686
-52.95107777662786
-56.49428783643695
-65.93254331302359
1.6570957147244059
4.079802137661275
-25.271497928470282
-33.80306280113466
-24.538961610238545
-89.54328538173897
-69.55264450624546
63.104600590012126
-9.705045132109717
33.31470104358527
-19.310917873250744
-67.63253606572619
86.76517644854093
95.90532859956545
87.67309119224294
62.94467633012732
28.24535434171088
-86.43063193817788
31.20242907206182
-61.34887292478468
76.99362773511046
-3.883665555166303
-90.43108524168353
76.37300270560402
-27.070622955621786
12.28333028480742
-35.7739629671981
20.368087406700823
22.4316801492473
-88.11802263857369
-50.21455231499512
-64.55835854173529
-12.701833794996318
-63.13674577357868
-36.56075314034049
-89.52166979499887
65.80741883545647
40.56080950555102
3.6182185981417945
-72.16141929553284
-76.62714726052488
23.545096597378418
96.96494242818417
-92.7412577310828
41.57425778804631
34.33943281867329
-55.82898431679653
51.310666112134584
-49.039983240013484
-4.697319087419217
66.27085102977344
-20.99396478095335
-67.38388454445443
-41.63024667146282
77.08916009691728
43.695415523156896
10.875198104103376
91.10313432530813
92.0468428968687
-17.384029456543786
-3.4261816369865556
-22.11184472927836
94.15461323423608
-17.44980255658119
-98.48998402785914
96.10516030714979
-44.47808161905202
-30.51599679078278
-49.084754569518594
69.96132557830254
67.60315053098697
64.83639508529794
-40.053888073071505
35.28300540232243
86.29015462321587
81.00728242875107
7.722031083096127
-29.783311680691455
-37.92285309951
-49.380460557834695
86.91254742759793
-24.93703347016178
42.97747587129027
72.09584838075449
52.15897652753276
-63.846054385675565
-97.2668099198557
85.02655740715761
8.21768789561122
89.8219941308264
-36.18970933721049
-28.697768357209625
-22.88286425437876
48.821404225226075
35.34039386571922
96.56979183010014
-48.11431781302957
-1.5864216107780464
26.599029279104073
19.211559160407376
63.996228996877534
-25.321843079939697
21.03619654397764
-82.17301180426944
-15.912664412498742
-80.20166894610841
-7.838396854296747
-32.02942408475178
50.320725233610744
-50.50118131095043
77.0998206174697
-56.42748922665915
-88.0648046722915
57.28136933555149
-65.24677243107976
48.28632401633138
-60.756739298564334
-20.091361412788686
-61.57819950019003
22.160002371350558
50.75321635549278
82.2862138842315
16.7387036850358
-38.89461498366478
-24.746937742733707
57.98656947730089
95.46842572911146
-93.09773639067456
-10.671929187407827
1.1562623660904592
-29.104266825121556
22.403200495914206
-1.308902256562476
48.703818908268886
-66.9797001760387
97.23673737881128
-15.716326080836282
93.61781981545244
85.98734923344065
-32.31283564018807
-76.65062202511159
-1.6481821111283637
-80.38035843066902
-90.28256222250607
96.11119867494892
80.39548218652993
82.80842991800961
38.020193477836955
67.09818180812888
-7.136195123965237
56.98074286380958
-42.105338124807766
-16.95411807254696
13.361072161545962
46.56557314715366
7.638179565017268
76.5317509736222
69.00665776923617
-26.776063382298275
-22.156057497446866
-69.99505535413553
96.82004139811193
-50.73495186478421
27.09723704669895
-19.642845715589402
2.8441912644508562
-45.374758480921315
27.032619307396615
63.714947328905225
89.850564471106
-31.649074213723722
41.59401755694992
-45.127553599687495
0.7342397571512578
98.5835290276726
45.00590990765508
5.741770529787729
-61.92676696167017
-92.7055778862983
75.64877053809155
2.6243824755471508
79.51539062891882
-80.76256453298869
76.94610738275546
44.18188739114376
7.131538066524328
