100
50.0
25.25
13.125
7.3125
4.65625
5.65625
9.96875
10.96875
18.9375
16.03125
17.03125
21.84375
22.84375
37.375
31.3125
28.53125
29.53125
34.09375
35.09375
43.4375
40.40625
41.40625
46.46875
44.953125
47.984375
74.75
62.375
56.4375
53.71875
54.71875
59.15625
60.15625
68.3125
65.34375
66.34375
71.28125
72.28125
87.125
80.9375
78.09375
79.09375
83.78125
84.78125
93.3125
90.21875
91.21875
96.40625
94.859375
97.953125
150.0
125.0
112.75
106.875
104.1875
105.1875
109.5625
110.5625
118.625
115.6875
116.6875
121.5625
122.5625
137.25
131.125
128.3125
129.3125
133.9375
134.9375
143.375
140.3125
141.3125
146.4375
144.90625
147.96875
175.0
162.5
156.5
153.75
154.75
159.25
160.25
168.5
165.5
166.5
171.5
170.0
173.0
187.5
181.25
178.375
179.375
184.125
185.125
193.75
190.625
191.625
196.875
195.3125
198.4375
