93.71244847972488
31.498589243737598
70.81296317369552
-73.52037344650029
38.16152009071169
24.0897442805676
63.46164732003203
21.49007769077275
-29.114373266139197
32.7572209764985
11.623613445032063
26.960383654248446
71.1799263647165
97.47158383540761
38.10513964066473
-4.305170672787
30.89709219694882
-98.76302252533758
76.10596876101383
-72.59384734147274
-86.2098028053916
-55.21483475119062
44.28437135579918
-5.476828409939657
18.48453738642219
-26.956206473258405
17.849560348020816
-76.66900807974869
91.45193208933406
61.38960841710619
-92.31995024451074
-4.769907475144436
-52.169557970388155
40.507281004191555
-49.74578846266227
-27.07195667486593
-95.4734279277151
76.9237953474925
5.426028393410974
-70.93341419070687
87.87197262780154
90.24698483439369
72.91045402180623
-30.907798446695068
-12.234291623049103
68.94337046707182
-78.85342936476398
-33.564382806221204
75.6405863761722
-41.448529221967114
-78.37541429146262
3.69305283777544
-9.837530234770568
73.70341217450476
86.23036352306553
-57.07762567958756
-88.58421544055332
-62.978519282309705
-46.99525987494005
-58.43489414253496
-29.403184433213056
-84.9528924385503
-31.936353893065416
-80.29430212080644
25.21800981606468
27.890238147157675
-32.624061115509036
-25.34472101221155
-46.98817002678799
-20.639901688620782
91.79680509370243
-76.14136242428947
-78.84811778613505
-74.23540248908847
-55.4273548860456
-56.385509264293155
48.523513675096694
-21.98871205111766
-39.772772081295194
-18.491979542906407
37.53778160295039
67.35944316241535
-82.58535733295717
7.432479651417708
71.46738770244633
41.663699007911106
-54.182619019132304
44.70165984506846
8.047379392230013
49.0721060107015
33.10601170598781
0.10350613260045805
-18.271053562733357
-36.63301370605105
69.46474782044453
-39.2311096468408
-74.95352436887876
-2.1988963954568135
20.18191297350296
-96.42439027277183
