2000
1000.0
500.25
250.625
126.0625
64.03125
33.265625
18.1328125
10.81640625
7.408203125
8.408203125
14.224609375
12.5205078125
15.9287109375
25.44921875
21.791015625
20.2119140625
23.3701171875
29.107421875
27.2783203125
30.9365234375
48.3984375
40.83203125
37.298828125
35.7822265625
38.8154296875
44.365234375
42.5986328125
46.1318359375
55.96484375
52.181640625
50.5400390625
53.8232421875
59.748046875
57.8564453125
61.6396484375
94.796875
79.4140625
71.97265625
68.501953125
69.501953125
75.443359375
73.7080078125
77.1787109375
86.85546875
83.134765625
81.5244140625
84.7451171875
90.576171875
88.7158203125
92.4365234375
110.1796875
102.48828125
98.892578125
97.3447265625
100.4404296875
106.083984375
104.2861328125
107.8818359375
117.87109375
114.025390625
112.3525390625
115.6982421875
121.716796875
119.7939453125
123.6396484375
188.09375
157.078125
141.8203125
134.44140625
131.001953125
132.001953125
137.880859375
136.1611328125
139.6005859375
149.19921875
145.509765625
143.9150390625
147.1044921875
152.888671875
151.0439453125
154.7333984375
172.3359375
164.70703125
161.142578125
159.6103515625
162.6748046875
168.271484375
166.4892578125
170.0537109375
179.96484375
176.150390625
174.4931640625
177.8076171875
183.779296875
181.8720703125
185.6865234375
219.109375
203.6015625
196.09765625
192.595703125
191.0947265625
194.0966796875
199.599609375
197.8486328125
201.3505859375
211.10546875
207.353515625
205.7275390625
208.9794921875
214.857421875
212.9814453125
216.7333984375
234.6171875
226.86328125
223.236328125
221.6728515625
224.7998046875
230.490234375
228.6767578125
232.3037109375
242.37109375
238.494140625
236.8056640625
240.1826171875
246.248046875
244.3095703125
248.1865234375
375.1875
312.90625
282.015625
266.8203125
259.47265625
256.048828125
257.048828125
262.896484375
261.1845703125
264.6083984375
274.16796875
270.494140625
268.9072265625
272.0810546875
277.841796875
276.0048828125
279.6787109375
297.2109375
289.61328125
286.064453125
284.5400390625
287.5888671875
293.162109375
291.3876953125
294.9365234375
304.80859375
301.009765625
299.3603515625
302.6591796875
308.607421875
306.7080078125
310.5068359375
343.796875
328.3515625
320.87890625
317.392578125
318.392578125
324.365234375
322.6220703125
326.1083984375
335.82421875
332.087890625
330.4697265625
333.7060546875
339.560546875
337.6923828125
341.4287109375
359.2421875
351.51953125
347.908203125
346.3525390625
349.4638671875
355.130859375
353.3251953125
356.9365234375
366.96484375
363.103515625
361.4228515625
364.7841796875
370.826171875
368.8955078125
372.7568359375
437.46875
406.328125
391.0078125
383.59765625
380.142578125
381.142578125
387.052734375
385.3251953125
388.7802734375
398.41796875
394.712890625
393.1103515625
396.3154296875
402.123046875
400.2705078125
403.9755859375
421.6484375
413.98828125
410.408203125
408.8681640625
411.9482421875
417.568359375
415.7783203125
419.3583984375
429.30859375
425.478515625
423.8134765625
427.1435546875
433.138671875
431.2236328125
435.0537109375
468.609375
453.0390625
445.50390625
441.986328125
440.4775390625
443.4951171875
449.021484375
447.2626953125
450.7802734375
460.57421875
456.806640625
455.1728515625
458.4404296875
464.341796875
462.4580078125
466.2255859375
484.1796875
476.39453125
472.751953125
471.1806640625
474.3232421875
480.037109375
478.2158203125
481.8583984375
491.96484375
488.072265625
486.3759765625
489.7685546875
495.857421875
493.9111328125
497.8037109375
749.875
625.0625
562.90625
532.078125
516.9140625
509.58203125
506.166015625
507.166015625
512.998046875
511.2900390625
514.7060546875
524.24609375
520.580078125
518.9970703125
522.1630859375
527.912109375
526.0791015625
529.7451171875
547.2421875
539.66015625
536.119140625
534.5986328125
537.6396484375
543.201171875
541.4306640625
544.9716796875
554.82421875
551.033203125
549.3876953125
552.6787109375
558.615234375
556.7197265625
560.5107421875
593.734375
578.3203125
570.86328125
567.384765625
568.384765625
574.341796875
572.6025390625
576.0810546875
585.77734375
582.048828125
580.4345703125
583.6630859375
589.505859375
587.6416015625
591.3701171875
609.1484375
601.44140625
597.837890625
596.2861328125
599.3896484375
605.044921875
603.2431640625
606.8466796875
616.85546875
613.001953125
611.3251953125
614.6787109375
620.708984375
618.7822265625
622.6357421875
687.21875
656.140625
640.8515625
633.45703125
630.009765625
631.009765625
636.904296875
635.1806640625
638.6279296875
648.24609375
644.548828125
642.9501953125
646.1474609375
651.943359375
650.0947265625
653.7919921875
671.4296875
663.78515625
660.212890625
658.6767578125
661.7490234375
667.357421875
665.5712890625
669.1435546875
679.07421875
675.251953125
673.5908203125
676.9130859375
682.896484375
680.9853515625
684.8076171875
718.296875
702.7578125
695.23828125
691.728515625
690.2236328125
693.2333984375
698.748046875
696.9931640625
700.5029296875
710.27734375
706.517578125
704.8876953125
708.1474609375
714.037109375
712.1572265625
715.9169921875
733.8359375
726.06640625
722.431640625
720.8642578125
723.9990234375
729.701171875
727.8837890625
731.5185546875
741.60546875
737.720703125
736.0283203125
739.4130859375
745.490234375
743.5478515625
747.4326171875
874.6875
812.28125
781.328125
766.1015625
758.73828125
755.306640625
756.306640625
762.169921875
760.4541015625
763.8857421875
773.46484375
769.783203125
768.1923828125
771.3740234375
777.146484375
775.3056640625
778.9873046875
796.5546875
788.94140625
785.384765625
783.8564453125
786.9130859375
792.498046875
790.7197265625
794.2763671875
804.16796875
800.361328125
798.7080078125
802.0146484375
807.974609375
806.0712890625
809.8779296875
843.234375
827.7578125
820.26953125
816.775390625
817.775390625
823.763671875
822.0166015625
825.5107421875
835.24609375
831.501953125
829.8798828125
833.1240234375
838.990234375
837.1181640625
840.8623046875
858.7109375
850.97265625
847.353515625
845.7939453125
848.9130859375
854.591796875
852.7822265625
856.4013671875
866.44921875
862.580078125
860.8955078125
864.2646484375
870.318359375
868.3837890625
872.2529296875
937.09375
905.890625
890.5390625
883.11328125
879.650390625
880.650390625
886.576171875
884.8447265625
888.3076171875
897.96484375
894.251953125
892.6455078125
895.8583984375
901.677734375
899.8212890625
903.5341796875
921.2421875
913.56640625
909.978515625
908.4345703125
911.5224609375
917.154296875
915.3603515625
918.9482421875
928.91796875
925.080078125
923.4111328125
926.7490234375
932.755859375
930.8369140625
934.6748046875
968.296875
952.6953125
945.14453125
941.619140625
940.1064453125
943.1318359375
948.669921875
946.9072265625
950.4326171875
960.24609375
956.470703125
954.8330078125
958.1083984375
964.021484375
962.1337890625
965.9091796875
983.8984375
976.09765625
972.447265625
970.8720703125
974.0224609375
979.748046875
977.9228515625
981.5732421875
991.69921875
987.798828125
986.0986328125
989.4990234375
995.599609375
993.6494140625
997.5498046875
1499.75
1249.875
1125.1875
1063.09375
1032.296875
1017.1484375
1009.82421875
1006.412109375
1007.412109375
1013.236328125
1011.5302734375
1014.9423828125
1024.47265625
1020.810546875
1019.2294921875
1022.3916015625
1028.134765625
1026.3037109375
1029.9658203125
1047.4453125
1039.87109375
1036.333984375
1034.8154296875
1037.8525390625
1043.408203125
1041.6396484375
1045.1767578125
1055.01953125
1051.232421875
1049.5888671875
1052.8759765625
1058.806640625
1056.9130859375
1060.7001953125
1093.890625
1078.4921875
1071.04296875
1067.568359375
1068.568359375
1074.517578125
1072.7802734375
1076.2548828125
1085.94140625
1082.216796875
1080.6044921875
1083.8291015625
1089.666015625
1087.8037109375
1091.5283203125
1109.2890625
1101.58984375
1097.990234375
1096.4404296875
1099.5400390625
1105.189453125
1103.3896484375
1106.9892578125
1116.98828125
1113.138671875
1111.4638671875
1114.8134765625
1120.837890625
1118.9130859375
1122.7626953125
1187.28125
1156.234375
1140.9609375
1133.57421875
1130.130859375
1131.130859375
1137.017578125
1135.2958984375
1138.7392578125
1148.34765625
1144.654296875
1143.0576171875
1146.2509765625
1152.041015625
1150.1943359375
1153.8876953125
1171.5078125
1163.87109375
1160.302734375
1158.7685546875
1161.8369140625
1167.439453125
1165.6552734375
1169.2236328125
1179.14453125
1175.326171875
1173.6669921875
1176.9853515625
1182.962890625
1181.0537109375
1184.8720703125
1218.328125
1202.8046875
1195.29296875
1191.787109375
1190.2841796875
1193.2900390625
1198.798828125
1197.0458984375
1200.5517578125
1210.31640625
1206.560546875
1204.9326171875
1208.1884765625
1214.072265625
1212.1943359375
1215.9501953125
1233.8515625
1226.08984375
1222.458984375
1220.8935546875
1224.0244140625
1229.720703125
1227.9052734375
1231.5361328125
1241.61328125
1237.732421875
1236.0419921875
1239.4228515625
1245.494140625
1243.5537109375
1247.4345703125
1374.5625
1312.21875
1281.296875
1266.0859375
1258.73046875
1255.302734375
1256.302734375
1262.158203125
1260.4443359375
1263.8720703125
1273.44140625
1269.763671875
1268.1748046875
1271.3525390625
1277.119140625
1275.2802734375
1278.9580078125
1296.5078125
1288.90234375
1285.349609375
1283.8232421875
1286.8759765625
1292.455078125
1290.6787109375
1294.2314453125
1304.11328125
1300.310546875
1298.6591796875
1301.9619140625
1307.916015625
1306.0146484375
1309.8173828125
1343.140625
1327.6796875
1320.19921875
1316.708984375
1317.708984375
1323.689453125
1321.9443359375
1325.4345703125
1335.16015625
1331.419921875
1329.7998046875
1333.0400390625
1338.900390625
1337.0302734375
1340.7705078125
1358.6015625
1350.87109375
1347.255859375
1345.6982421875
1348.8134765625
1354.486328125
1352.6787109375
1356.2939453125
1366.33203125
1362.466796875
1360.7841796875
1364.1494140625
1370.197265625
1368.2646484375
1372.1298828125
1436.90625
1405.734375
1390.3984375
1382.98046875
1379.521484375
1380.521484375
1386.439453125
1384.7099609375
1388.1689453125
1397.81640625
1394.107421875
1392.5029296875
1395.7119140625
1401.525390625
1399.6708984375
1403.3798828125
1421.0703125
1413.40234375
1409.818359375
1408.2763671875
1411.3603515625
1416.986328125
1415.1943359375
1418.7783203125
1428.73828125
1424.904296875
1423.2373046875
1426.5712890625
1432.572265625
1430.6552734375
1434.4892578125
1468.078125
1452.4921875
1444.94921875
1441.427734375
1439.9169921875
1442.9384765625
1448.470703125
1446.7099609375
1450.2314453125
1460.03515625
1456.263671875
1454.6279296875
1457.8994140625
1463.806640625
1461.9208984375
1465.6923828125
1483.6640625
1475.87109375
1472.224609375
1470.6513671875
1473.7978515625
1479.517578125
1477.6943359375
1481.3408203125
1491.45703125
1487.560546875
1485.8623046875
1489.2587890625
1495.353515625
1493.4052734375
1497.3017578125
1749.625
1624.6875
1562.46875
1531.609375
1516.4296875
1509.08984375
1505.669921875
1506.669921875
1512.509765625
1510.7998046875
1514.2197265625
1523.76953125
1520.099609375
1518.5146484375
1521.6845703125
1527.439453125
1525.6044921875
1529.2744140625
1546.7890625
1539.19921875
1535.654296875
1534.1318359375
1537.1767578125
1542.744140625
1540.9716796875
1544.5166015625
1554.37890625
1550.583984375
1548.9365234375
1552.2314453125
1558.173828125
1556.2763671875
1560.0712890625
1593.328125
1577.8984375
1570.43359375
1566.951171875
1567.951171875
1573.916015625
1572.1748046875
1575.6572265625
1585.36328125
1581.630859375
1580.0146484375
1583.2470703125
1589.095703125
1587.2294921875
1590.9619140625
1608.7578125
1601.04296875
1597.435546875
1595.8818359375
1598.9892578125
1604.650390625
1602.8466796875
1606.4541015625
1616.47265625
1612.615234375
1610.9365234375
1614.2939453125
1620.330078125
1618.4013671875
1622.2587890625
1686.90625
1655.796875
1640.4921875
1633.08984375
1629.638671875
1630.638671875
1636.541015625
1634.8154296875
1638.2666015625
1647.89453125
1644.193359375
1642.5927734375
1645.7939453125
1651.595703125
1649.7451171875
1653.4462890625
1671.1015625
1663.44921875
1659.873046875
1658.3349609375
1661.4111328125
1667.025390625
1665.2373046875
1668.8134765625
1678.75390625
1674.927734375
1673.2646484375
1676.5908203125
1682.580078125
1680.6669921875
1684.4931640625
1718.015625
1702.4609375
1694.93359375
1691.419921875
1689.9130859375
1692.9267578125
1698.447265625
1696.6904296875
1700.2041015625
1709.98828125
1706.224609375
1704.5927734375
1707.8564453125
1713.751953125
1711.8701171875
1715.6337890625
1733.5703125
1725.79296875
1722.154296875
1720.5849609375
1723.7236328125
1729.431640625
1727.6123046875
1731.2509765625
1741.34765625
1737.458984375
1735.7646484375
1739.1533203125
1745.236328125
1743.2919921875
1747.1806640625
1874.5625
1812.09375
1781.109375
1765.8671875
1758.49609375
1755.060546875
1756.060546875
1761.931640625
1760.2138671875
1763.6494140625
1773.23828125
1769.552734375
1767.9599609375
1771.1455078125
1776.923828125
1775.0810546875
1778.7666015625
1796.3515625
1788.73046875
1785.169921875
1783.6396484375
1786.7001953125
1792.291015625
1790.5107421875
1794.0712890625
1803.97265625
1800.162109375
1798.5068359375
1801.8173828125
1807.783203125
1805.8779296875
1809.6884765625
1843.078125
1827.5859375
1820.08984375
1816.591796875
1817.591796875
1823.587890625
1821.8388671875
1825.3369140625
1835.08203125
1831.333984375
1829.7099609375
1832.9580078125
1838.830078125
1836.9560546875
1840.7041015625
1858.5703125
1850.82421875
1847.201171875
1845.6396484375
1848.7626953125
1854.447265625
1852.6357421875
1856.2587890625
1866.31640625
1862.443359375
1860.7568359375
1864.1298828125
1870.189453125
1868.2529296875
1872.1259765625
1937.03125
1905.796875
1890.4296875
1882.99609375
1879.529296875
1880.529296875
1886.462890625
1884.7294921875
1888.1962890625
1897.86328125
1894.146484375
1892.5380859375
1895.7548828125
1901.580078125
1899.7216796875
1903.4384765625
1921.1640625
1913.48046875
1909.888671875
1908.3427734375
1911.4345703125
1917.072265625
1915.2763671875
1918.8681640625
1928.84765625
1925.005859375
1923.3349609375
1926.6767578125
1932.689453125
1930.7685546875
1934.6103515625
1968.265625
1952.6484375
1945.08984375
1941.560546875
1940.0458984375
1943.0751953125
1948.619140625
1946.8544921875
1950.3837890625
1960.20703125
1956.427734375
1954.7880859375
1958.0673828125
1963.986328125
1962.0966796875
1965.8759765625
1983.8828125
1976.07421875
1972.419921875
1970.8427734375
1973.9970703125
1979.728515625
1977.9013671875
1981.5556640625
1991.69140625
1987.787109375
1986.0849609375
1989.4892578125
1995.595703125
1993.6435546875
1997.5478515625
3000.0
2500.0
2250.25
2125.625
2063.5625
2032.78125
2017.640625
2010.3203125
2006.91015625
2007.91015625
2013.73046875
2012.025390625
2015.435546875
2024.9609375
2021.30078125
2019.720703125
2022.880859375
2028.62109375
2026.791015625
2030.451171875
2047.921875
2040.3515625
2036.81640625
2035.298828125
2038.333984375
2043.88671875
2042.119140625
2045.654296875
2055.4921875
2051.70703125
2050.064453125
2053.349609375
2059.27734375
2057.384765625
2061.169921875
2094.34375
2078.953125
2071.5078125
2068.03515625
2069.03515625
2074.98046875
2073.244140625
2076.716796875
2086.3984375
2082.67578125
2081.064453125
2084.287109375
2090.12109375
2088.259765625
2091.982421875
2109.734375
2102.0390625
2098.44140625
2096.892578125
2099.990234375
2105.63671875
2103.837890625
2107.435546875
2117.4296875
2113.58203125
2111.908203125
2115.255859375
2121.27734375
2119.353515625
2123.201171875
2187.6875
2156.65625
2141.390625
2134.0078125
2130.56640625
2131.56640625
2137.44921875
2135.728515625
2139.169921875
2148.7734375
2145.08203125
2143.486328125
2146.677734375
2152.46484375
2150.619140625
2154.310546875
2171.921875
2164.2890625
2160.72265625
2159.189453125
2162.255859375
2167.85546875
2166.072265625
2169.638671875
2179.5546875
2175.73828125
2174.080078125
2177.396484375
2183.37109375
2181.462890625
2185.279296875
2218.71875
2203.203125
2195.6953125
2192.19140625
2190.689453125
2193.693359375
2199.19921875
2197.447265625
2200.951171875
2210.7109375
2206.95703125
2205.330078125
2208.583984375
2214.46484375
2212.587890625
2216.341796875
2234.234375
2226.4765625
2222.84765625
2221.283203125
2224.412109375
2230.10546875
2228.291015625
2231.919921875
2241.9921875
2238.11328125
2236.423828125
2239.802734375
2245.87109375
2243.931640625
2247.810546875
2374.875
2312.5625
2281.65625
2266.453125
2259.1015625
2255.67578125
2256.67578125
2262.52734375
2260.814453125
2264.240234375
2273.8046875
2270.12890625
2268.541015625
2271.716796875
2277.48046875
2275.642578125
2279.318359375
2296.859375
2289.2578125
2285.70703125
2284.181640625
2287.232421875
2292.80859375
2291.033203125
2294.583984375
2304.4609375
2300.66015625
2299.009765625
2302.310546875
2308.26171875
2306.361328125
2310.162109375
2343.46875
2328.015625
2320.5390625
2317.05078125
2318.05078125
2324.02734375
2322.283203125
2325.771484375
2335.4921875
2331.75390625
2330.134765625
2333.373046875
2339.23046875
2337.361328125
2341.099609375
2358.921875
2351.1953125
2347.58203125
2346.025390625
2349.138671875
2354.80859375
2353.001953125
2356.615234375
2366.6484375
2362.78515625
2361.103515625
2364.466796875
2370.51171875
2368.580078125
2372.443359375
2437.1875
2406.03125
2390.703125
2383.2890625
2379.83203125
2380.83203125
2386.74609375
2385.017578125
2388.474609375
2398.1171875
2394.41015625
2392.806640625
2396.013671875
2401.82421875
2399.970703125
2403.677734375
2421.359375
2413.6953125
2410.11328125
2408.572265625
2411.654296875
2417.27734375
2415.486328125
2419.068359375
2429.0234375
2425.19140625
2423.525390625
2426.857421875
2432.85546875
2430.939453125
2434.771484375
2468.34375
2452.765625
2445.2265625
2441.70703125
2440.197265625
2443.216796875
2448.74609375
2446.986328125
2450.505859375
2460.3046875
2456.53515625
2454.900390625
2458.169921875
2464.07421875
2462.189453125
2465.958984375
2483.921875
2476.1328125
2472.48828125
2470.916015625
2474.060546875
2479.77734375
2477.955078125
2481.599609375
2491.7109375
2487.81640625
2486.119140625
2489.513671875
2495.60546875
2493.658203125
2497.552734375
2749.75
2624.875
2562.6875
2531.84375
2516.671875
2509.3359375
2505.91796875
2506.91796875
2512.75390625
2511.044921875
2514.462890625
2524.0078125
2520.33984375
2518.755859375
2521.923828125
2527.67578125
2525.841796875
2529.509765625
2547.015625
2539.4296875
2535.88671875
2534.365234375
2537.408203125
2542.97265625
2541.201171875
2544.744140625
2554.6015625
2550.80859375
2549.162109375
2552.455078125
2558.39453125
2556.498046875
2560.291015625
2593.53125
2578.109375
2570.6484375
2567.16796875
2568.16796875
2574.12890625
2572.388671875
2575.869140625
2585.5703125
2581.83984375
2580.224609375
2583.455078125
2589.30078125
2587.435546875
2591.166015625
2608.953125
2601.2421875
2597.63671875
2596.083984375
2599.189453125
2604.84765625
2603.044921875
2606.650390625
2616.6640625
2612.80859375
2611.130859375
2614.486328125
2620.51953125
2618.591796875
2622.447265625
2687.0625
2655.96875
2640.671875
2633.2734375
2629.82421875
2630.82421875
2636.72265625
2634.998046875
2638.447265625
2648.0703125
2644.37109375
2642.771484375
2645.970703125
2651.76953125
2649.919921875
2653.619140625
2671.265625
2663.6171875
2660.04296875
2658.505859375
2661.580078125
2667.19140625
2665.404296875
2668.978515625
2678.9140625
2675.08984375
2673.427734375
2676.751953125
2682.73828125
2680.826171875
2684.650390625
2718.15625
2702.609375
2695.0859375
2691.57421875
2690.068359375
2693.080078125
2698.59765625
2696.841796875
2700.353515625
2710.1328125
2706.37109375
2704.740234375
2708.001953125
2713.89453125
2712.013671875
2715.775390625
2733.703125
2725.9296875
2722.29296875
2720.724609375
2723.861328125
2729.56640625
2727.748046875
2731.384765625
2741.4765625
2737.58984375
2735.896484375
2739.283203125
2745.36328125
2743.419921875
2747.306640625
2874.625
2812.1875
2781.21875
2765.984375
2758.6171875
2755.18359375
2756.18359375
2762.05078125
2760.333984375
2763.767578125
2773.3515625
2769.66796875
2768.076171875
2771.259765625
2777.03515625
2775.193359375
2778.876953125
2796.453125
2788.8359375
2785.27734375
2783.748046875
2786.806640625
2792.39453125
2790.615234375
2794.173828125
2804.0703125
2800.26171875
2798.607421875
2801.916015625
2807.87890625
2805.974609375
2809.783203125
2843.15625
2827.671875
2820.1796875
2816.68359375
2817.68359375
2823.67578125
2821.927734375
2825.423828125
2835.1640625
2831.41796875
2829.794921875
2833.041015625
2838.91015625
2837.037109375
2840.783203125
2858.640625
2850.8984375
2847.27734375
2845.716796875
2848.837890625
2854.51953125
2852.708984375
2856.330078125
2866.3828125
2862.51171875
2860.826171875
2864.197265625
2870.25390625
2868.318359375
2872.189453125
2937.0625
2905.84375
2890.484375
2883.0546875
2879.58984375
2880.58984375
2886.51953125
2884.787109375
2888.251953125
2897.9140625
2894.19921875
2892.591796875
2895.806640625
2901.62890625
2899.771484375
2903.486328125
2921.203125
2913.5234375
2909.93359375
2908.388671875
2911.478515625
2917.11328125
2915.318359375
2918.908203125
2928.8828125
2925.04296875
2923.373046875
2926.712890625
2932.72265625
2930.802734375
2934.642578125
2968.28125
2952.671875
2945.1171875
2941.58984375
2940.076171875
2943.103515625
2948.64453125
2946.880859375
2950.408203125
2960.2265625
2956.44921875
2954.810546875
2958.087890625
2964.00390625
2962.115234375
2965.892578125
2983.890625
2976.0859375
2972.43359375
2970.857421875
2974.009765625
2979.73828125
2977.912109375
2981.564453125
2991.6953125
2987.79296875
2986.091796875
2989.494140625
2995.59765625
2993.646484375
2997.548828125
3500.0
3250.0
3125.25
3063.125
3032.3125
3017.15625
3009.828125
3006.4140625
3007.4140625
3013.2421875
3011.53515625
3014.94921875
3024.484375
3020.8203125
3019.23828125
3022.40234375
3028.1484375
3026.31640625
3029.98046875
3047.46875
3039.890625
3036.3515625
3034.83203125
3037.87109375
3043.4296875
3041.66015625
3045.19921875
3055.046875
3051.2578125
3049.61328125
3052.90234375
3058.8359375
3056.94140625
3060.73046875
3093.9375
3078.53125
3071.078125
3067.6015625
3068.6015625
3074.5546875
3072.81640625
3076.29296875
3085.984375
3082.2578125
3080.64453125
3083.87109375
3089.7109375
3087.84765625
3091.57421875
3109.34375
3101.640625
3098.0390625
3096.48828125
3099.58984375
3105.2421875
3103.44140625
3107.04296875
3117.046875
3113.1953125
3111.51953125
3114.87109375
3120.8984375
3118.97265625
3122.82421875
3187.375
3156.3125
3141.03125
3133.640625
3130.1953125
3131.1953125
3137.0859375
3135.36328125
3138.80859375
3148.421875
3144.7265625
3143.12890625
3146.32421875
3152.1171875
3150.26953125
3153.96484375
3171.59375
3163.953125
3160.3828125
3158.84765625
3161.91796875
3167.5234375
3165.73828125
3169.30859375
3179.234375
3175.4140625
3173.75390625
3177.07421875
3183.0546875
3181.14453125
3184.96484375
3218.4375
3202.90625
3195.390625
3191.8828125
3190.37890625
3193.38671875
3198.8984375
3197.14453125
3200.65234375
3210.421875
3206.6640625
3205.03515625
3208.29296875
3214.1796875
3212.30078125
3216.05859375
3233.96875
3226.203125
3222.5703125
3221.00390625
3224.13671875
3229.8359375
3228.01953125
3231.65234375
3241.734375
3237.8515625
3236.16015625
3239.54296875
3245.6171875
3243.67578125
3247.55859375
3374.75
3312.375
3281.4375
3266.21875
3258.859375
3255.4296875
3256.4296875
3262.2890625
3260.57421875
3264.00390625
3273.578125
3269.8984375
3268.30859375
3271.48828125
3277.2578125
3275.41796875
3279.09765625
3296.65625
3289.046875
3285.4921875
3283.96484375
3287.01953125
3292.6015625
3290.82421875
3294.37890625
3304.265625
3300.4609375
3298.80859375
3302.11328125
3308.0703125
3306.16796875
3309.97265625
3343.3125
3327.84375
3320.359375
3316.8671875
3317.8671875
3323.8515625
3322.10546875
3325.59765625
3335.328125
3331.5859375
3329.96484375
3333.20703125
3339.0703125
3337.19921875
3340.94140625
3358.78125
3351.046875
3347.4296875
3345.87109375
3348.98828125
3354.6640625
3352.85546875
3356.47265625
3366.515625
3362.6484375
3360.96484375
3364.33203125
3370.3828125
3368.44921875
3372.31640625
3437.125
3405.9375
3390.59375
3383.171875
3379.7109375
3380.7109375
3386.6328125
3384.90234375
3388.36328125
3398.015625
3394.3046875
3392.69921875
3395.91015625
3401.7265625
3399.87109375
3403.58203125
3421.28125
3413.609375
3410.0234375
3408.48046875
3411.56640625
3417.1953125
3415.40234375
3418.98828125
3428.953125
3425.1171875
3423.44921875
3426.78515625
3432.7890625
3430.87109375
3434.70703125
3468.3125
3452.71875
3445.171875
3441.6484375
3440.13671875
3443.16015625
3448.6953125
3446.93359375
3450.45703125
3460.265625
3456.4921875
3454.85546875
3458.12890625
3464.0390625
3462.15234375
3465.92578125
3483.90625
3476.109375
3472.4609375
3470.88671875
3474.03515625
3479.7578125
3477.93359375
3481.58203125
3491.703125
3487.8046875
3486.10546875
3489.50390625
3495.6015625
3493.65234375
3497.55078125
3750.0
3625.0
3562.75
3531.875
3516.6875
3509.34375
3505.921875
3506.921875
3512.765625
3511.0546875
3514.4765625
3524.03125
3520.359375
3518.7734375
3521.9453125
3527.703125
3525.8671875
3529.5390625
3547.0625
3539.46875
3535.921875
3534.3984375
3537.4453125
3543.015625
3541.2421875
3544.7890625
3554.65625
3550.859375
3549.2109375
3552.5078125
3558.453125
3556.5546875
3560.3515625
3593.625
3578.1875
3570.71875
3567.234375
3568.234375
3574.203125
3572.4609375
3575.9453125
3585.65625
3581.921875
3580.3046875
3583.5390625
3589.390625
3587.5234375
3591.2578125
3609.0625
3601.34375
3597.734375
3596.1796875
3599.2890625
3604.953125
3603.1484375
3606.7578125
3616.78125
3612.921875
3611.2421875
3614.6015625
3620.640625
3618.7109375
3622.5703125
3687.25
3656.125
3640.8125
3633.40625
3629.953125
3630.953125
3636.859375
3635.1328125
3638.5859375
3648.21875
3644.515625
3642.9140625
3646.1171875
3651.921875
3650.0703125
3653.7734375
3671.4375
3663.78125
3660.203125
3658.6640625
3661.7421875
3667.359375
3665.5703125
3669.1484375
3679.09375
3675.265625
3673.6015625
3676.9296875
3682.921875
3681.0078125
3684.8359375
3718.375
3702.8125
3695.28125
3691.765625
3690.2578125
3693.2734375
3698.796875
3697.0390625
3700.5546875
3710.34375
3706.578125
3704.9453125
3708.2109375
3714.109375
3712.2265625
3715.9921875
3733.9375
3726.15625
3722.515625
3720.9453125
3724.0859375
3729.796875
3727.9765625
3731.6171875
3741.71875
3737.828125
3736.1328125
3739.5234375
3745.609375
3743.6640625
3747.5546875
3875.0
3812.5
3781.5
3766.25
3758.875
3755.4375
3756.4375
3762.3125
3760.59375
3764.03125
3773.625
3769.9375
3768.34375
3771.53125
3777.3125
3775.46875
3779.15625
3796.75
3789.125
3785.5625
3784.03125
3787.09375
3792.6875
3790.90625
3794.46875
3804.375
3800.5625
3798.90625
3802.21875
3808.1875
3806.28125
3810.09375
3843.5
3828.0
3820.5
3817.0
3815.5
3818.5
3824.0
3822.25
3825.75
3835.5
3831.75
3830.125
3833.375
3839.25
3837.375
3841.125
3859.0
3851.25
3847.625
3846.0625
3849.1875
3854.875
3853.0625
3856.6875
3866.75
3862.875
3861.1875
3864.5625
3870.625
3868.6875
3872.5625
3937.5
3906.25
3890.875
3883.4375
3879.96875
3880.96875
3886.90625
3885.171875
3888.640625
3898.3125
3894.59375
3892.984375
3896.203125
3902.03125
3900.171875
3903.890625
3921.625
3913.9375
3910.34375
3908.796875
3911.890625
3917.53125
3915.734375
3919.328125
3929.3125
3925.46875
3923.796875
3927.140625
3933.15625
3931.234375
3935.078125
3968.75
3953.125
3945.5625
3942.03125
3940.515625
3943.546875
3949.09375
3947.328125
3950.859375
3960.6875
3956.90625
3955.265625
3958.546875
3964.46875
3962.578125
3966.359375
3984.375
3976.5625
3972.90625
3971.328125
3974.484375
3980.21875
3978.390625
3982.046875
3992.1875
3988.28125
3986.578125
3989.984375
3996.09375
3994.140625
3998.046875
