-65.62391031921223
68.12212661393085
-76.7296231535071
-41.79542888719647
33.73293220626641
23.46872231622629
54.978865311850086
41.95637941012811
62.67055099373232
-71.38592839765703
88.17733974219848
79.79040865034557
-10.165499722707679
52.13928704568366
-37.595724151774476
-66.77642282206963
59.588460598187
-57.93256415663126
-54.03598083952954
-44.90432212983166
-52.68076126405017
-6.227264967762466
14.499127450606622
-95.3145070217139
56.56091897479817
-17.916225192486152
18.925620934187037
1.0955301792711367
68.71096539528702
-22.514192754170963
-89.82813605392342
-41.89110023128819
-85.43926552795665
-48.818348479534166
32.108011695524226
-46.792958793109605
43.14981621745986
-55.63167374953055
17.160370339068095
-55.80395479382483
-76.7496192079442
41.43414952089026
-5.1730869650032645
81.71939697594473
-70.08725674208969
-38.35786741957718
82.74629579206334
97.00058683674752
39.93498772483616
94.380150393191
-6.187917617167756
-31.477211471512945
23.211588621375356
-7.105458001486582
66.75796258494191
-95.9451264937113
97.33882109648388
44.895464360539904
-78.26941116828971
20.073495619059244
25.6897709711714
48.45326286291706
32.79782232209868
-22.728526031230572
61.32263351804909
-3.6540805562143674
45.16996377427458
-68.82913431877007
-11.351049585442908
44.44055345566838
23.400419152504924
-61.181875153724086
-10.51320973448773
82.25498058234655
4.826423398346719
-14.454761101390972
-34.27745737451069
-97.23270767648282
96.93063361655251
44.03118900250945
7.67797057838375
-39.66188086171209
75.82441556425107
13.845144085960001
-55.04545055461718
-96.36034663861466
-22.648538871123662
78.76806246954078
-91.13444477727187
-49.840112767805934
53.29592359919036
95.72403264302162
17.698857101477714
84.21925246043642
59.86825669195747
0.6552104989089287
9.659829306353586
99.76927148961803
10.828150664320077
-76.5859630114432
20.757568741053703
-12.071627776965641
99.02531634291546
-56.65024846097704
31.86330983787306
84.96287838490585
61.49877446714308
33.28902787311924
-73.9320062344961
94.52913716469698
-28.504231498604796
69.16429625428523
-69.46623535673064
30.30418450881527
20.811236807853774
-30.182497809528797
-35.779503826784435
-14.3073185129373
-38.31828631972569
-37.023551087134734
45.085003979723666
-38.8448303525456
25.290085358429366
86.88092170685229
-81.30976351477355
-46.552603931443116
-16.134862153044566
80.5254823225909
-11.499826748407187
22.51200780715243
-49.62914414934658
73.13606459036131
-79.77416222710374
17.503435244158098
95.89253698813559
60.928358723926266
81.91545350311435
-36.57187293175785
24.35454268157804
94.24484084993489
-6.156742589009511
-28.270909631858558
6.909594556729019
55.97724930711115
98.14200405593249
-46.683940580844485
15.93931269469131
81.86052312754498
26.730374558630558
-73.60962026031426
-63.63604722824503
-59.0995722304412
93.59823375045806
-30.758071232179645
-2.3752777390861297
-54.30794363974491
-70.61375728713205
67.92785719740942
68.1567778325776
-80.46698737389005
62.6093369044969
0.07403856433644762
-76.6697539095641
27.194957059491017
-65.98207885616516
-96.8660410860182
-10.101318321180713
83.5601291975334
86.63360263426509
88.5373580378834
-61.062937110164924
46.25089441027427
86.52875919078437
79.90730077881585
74.52634694467235
-2.2447308517919993
-32.283492842802985
-95.05683696428291
10.056136290545268
30.013735601338198
-55.366787472629085
66.99709673571243
5.689008178586292
-17.816970736039067
-61.32298343006688
-49.73920295337035
47.51188825251165
-11.364983637891584
-10.433669268303575
-87.93389418582456
-82.64072756716601
79.84045638832112
54.09660264904096
-70.96782069914238
-73.64553311691839
62.07109059205939
31.308028137640207
-70.10697512099233
32.03067457093084
77.593427873803
-13.951047353759321
25.579629048573366
41.38904426212855
22.09440111571209
-48.00737634885288
-6.670140745430658
-15.019742813677368
-29.079217592847243
-2.7033480317411716
-46.118779190889555
-63.28432717122831
-79.00795019210531
-29.259444080443828
-66.68501834927747
97.38874279394153
-8.257156020126871
-87.75694682102811
80.96543665778847
35.26123947052602
59.66750135313117
46.782618330662956
-75.06149018576282
69.06749653610979
-74.68591896819963
-87.54181702821347
-29.616831470629563
-39.956645683604265
3.4610230475788057
-62.19887124879791
44.21847724956024
-51.463280024548254
3.7840804781206145
-34.227343445019116
-61.6572824235762
33.50210689489546
-24.50089294926407
3.535279848245821
-26.877968019351954
68.20591711611817
22.667288132813
-85.16976966913961
-76.79367730358486
42.56467362588083
44.13092093035968
-8.385880424146606
97.77690777850793
98.22123199054971
-94.47631791522227
15.538681846620975
-11.772744640502125
-84.44573522517295
80.86446496467872
65.63914042372937
64.16117463979069
-46.650557088144204
-89.23192192229232
-15.499664733993427
-24.169274524988538
1.1720750359058627
99.75424660910807
25.072939375295974
20.501083404842888
-43.15830065041004
-31.464369273787213
-3.4444404924920775
-3.252529164728287
0.6450689673615386
-34.459687451495995
72.31324750515171
86.33390155733758
-68.19175404860947
-11.90595499101373
-5.179781439103422
-87.64797244807102
19.14447514421525
-20.56502752542167
86.39278401027713
-9.024280527401046
11.608637850299047
-55.22419811395005
-27.961089252015057
-36.24538996672453
50.536676976332814
-58.93252411774015
-25.002373973161568
-72.07306014591579
29.184670626241797
60.410632834672015
-66.10393200543487
-68.61467542200134
-62.730292335866864
61.843266901603045
52.5430972668963
-47.55279387323479
68.2729665791635
-24.146948777713234
47.54452973969043
-71.6528312907176
-65.33222664229943
53.6320679732448
25.080984157152457
-56.77813169586676
31.09131181574685
62.58382642522895
85.1146532699471
78.9805211303148
-83.84551222936412
-43.14590530807902
69.75259816714427
65.75092372210551
-72.12435071020691
-61.987927708016535
-76.47917096481886
19.22670827287783
-74.78115949298649
-20.167006037605702
7.333188531578941
56.236975991133704
50.654019559034225
28.043632635709315
-68.99358825266542
99.44905648193182
88.27814433933355
-51.00678309234505
-57.2184051377971
82.38202086880358
-66.639946295946
88.56194383660934
95.13280079819725
-47.31658714051194
-98.47804480679052
-50.09542293511351
-84.04505021858154
0.11579834615878326
-5.641057307607383
44.731644899468165
-91.63531874227418
79.12239014454613
55.37828043139132
56.510499157329235
31.30578622564687
98.68349266385431
-67.81943238355323
54.55729825432155
47.84417505938404
93.04353286667518
36.811414468204305
42.01723940757347
97.85369628422842
58.85316732595638
31.15985644250071
-94.16347594940181
47.166553285811574
-82.73086574210467
70.65963417345932
-13.037229997412766
-11.564731566590169
70.61329935807169
-19.001077851781446
8.60211159646542
-51.944091764222875
81.65177590126916
-2.7898778898180865
-41.823446708052934
22.937720027445494
-76.31553414198204
22.69273528691042
39.76482927232098
59.3738108982499
-30.736091174775254
69.31050680625572
86.59127458790854
-61.27545815687443
-59.999119836659354
-31.90298805717495
1.0086754091633594
7.726662384716292
91.37508276886732
98.54493582192956
97.77050671423854
-72.70308588377992
-91.73463934997574
-97.69625078399484
81.95121732173146
-93.80055705400301
75.85683432934499
74.10073471115547
42.25490059006853
47.261643381480525
-32.094612103871526
-49.50490968346226
-6.483052441425329
-57.89310145954849
-46.07728200324752
-88.6966063401029
41.545399288445765
56.92986684239685
-10.241338734329133
-91.5275773320583
66.36420970834612
-59.60701329271214
-49.022041056302676
-20.538628272531568
13.714969018935761
80.25384323669411
58.55514680559881
17.759994359217018
-32.17030966464304
-17.853868254229994
-66.46247042243326
19.475518513693316
-44.0130326136704
74.97743943965565
99.81873075036646
-4.633397198498017
-56.16933262344111
-29.68716367177973
-80.45752303936041
-48.52770846088601
-28.939049662860356
-94.10731514898008
33.06825330787365
-5.643751971519734
-37.46092674720758
-24.650352688826203
-22.288202954938868
74.75663172451829
54.75842322570915
-12.13775979644025
-90.28634469286541
30.36496377553749
-89.10853146656332
36.53656745545851
-14.96845795739577
32.34730032733913
-46.5240592043918
48.448668508111865
59.01261511338447
18.67466041956625
-37.223087390741874
68.66774046415861
0.3700480222377678
-1.3953819850937492
-61.70121866222394
-62.320909571050095
44.77903481322912
-51.08438366118253
-83.84862708204572
0.27597514401000467
26.474818653103128
33.73101565091903
75.30038598713213
-80.19976638589597
-2.4832489111629457
-48.23595080373073
-0.631013496950743
20.482280285702288
-92.39888210018489
-13.279469819570181
-7.122783083494838
-91.9828786937691
94.30042695638926
35.400476114812164
7.174407253437181
-62.816515346463845
59.5064436089462
-15.2045511348214
-16.223275508569785
-50.01802838192655
-19.872633083402036
22.36192879305925
15.316082795472113
41.180307112237244
54.47723866818325
74.89709211715825
67.6155957172713
33.68363413880934
-33.79124473037916
-3.9798437906050026
87.35800919553597
-74.4397897040179
-79.843764594777
86.8202570245382
34.6532102764082
-80.09117501733974
21.788824657846533
1.1592608435397835
-86.30064441483614
94.7968648688815
81.41641394171137
47.40275889905368
-58.11711451878565
51.4370551203576
98.29481669202792
87.01118607792685
10.264591930003022
-46.75528020595819
-7.509019858057471
4.1986109719751425
69.7555671949853
91.1856614150471
31.65193383641764
81.04903323686662
65.00834202226861
51.283243035388494
-71.89595458654566
54.701586717131164
-94.48367867001197
90.22766279959603
80.55506966867219
33.95877391215146
-4.99000420478508
-67.57218943683037
-65.39208246304676
46.71410767432067
46.74684271540528
67.86907660285516
-37.13489971621806
-1.2643001567275576
-4.253231976418476
77.34248093965655
43.81711444427356
-26.312382084820143
36.582193605039805
32.81543579609897
-35.79053896358815
-57.987602968470874
-72.21680412513987
0.859635394681618
43.76469948685545
48.5935304996724
26.991445056238476
-3.6752668545593394
-58.24124143493117
-45.40164198529624
-90.79211610485646
-6.262524650182044
-66.81467705400748
-98.48480904682782
31.02891267827107
-79.99399821681281
61.750581499632204
-30.48913085942948
-37.4184507449514
-18.440374589934947
92.21199620926009
83.72311124339271
-1.7533726882462872
38.534454100522964
-50.29693486158931
-34.79240965756351
14.156686352699126
85.65463025494228
99.14827408467843
11.160004266178362
-8.68114617009978
20.228557818755192
-93.00258927836296
62.449776363783826
-31.535134259529556
-21.2041620601819
-46.43451774361817
-69.38620538248561
-87.24694011314065
-57.41343549291131
90.04228375551497
-20.15300596246314
67.00009058944374
-57.17542057011193
-89.30376918239386
-43.39945309365467
-31.66852255654537
20.589574098144638
-58.536088160747866
93.83857411570574
-79.40803238920526
42.622519708697894
-26.56436916181633
-26.316677251491456
75.10571262445492
86.93281053344253
-76.5099010412081
62.69680369165533
24.933880559519835
-73.16626404699484
17.596531621834473
-74.52391125034805
-84.12253543430977
-43.796209683215224
-84.0437874115818
-36.01528467630939
29.889824236939546
-98.83018550317308
22.394158427094
94.46716576698114
-57.8322831376821
44.56886660941163
61.30202523129046
-70.55819369780812
-5.770186428626346
-23.444858666483626
-7.106416512790645
4.268069490494696
72.85093847264392
-91.35738459770442
42.85568452921734
-9.435443414820426
14.475893096434618
87.95869073964516
57.624251694122165
27.797565144068344
42.94730602402771
9.456142144335217
61.90056174652631
12.491690493919734
-54.132544117474566
-67.75207909246552
33.079526947245796
31.99372677610046
-90.18759611624
32.46263382347669
-31.10831385004282
25.7192140188355
76.8489237923925
-55.566950044278606
82.80573199818781
89.0525523206368
83.57377054701064
87.37520744985147
39.54086546393151
-1.3328740375273043
-59.863997513778
-20.154149748898902
59.33212457408638
8.856891788318052
34.84033328672848
21.108199594886486
99.91541213466039
72.55941060834627
76.27914597175251
-14.285896311520105
-89.33585612983742
84.2388623401886
43.66026144436162
-57.58209908222058
58.20248027009677
-9.647236044691823
15.742885282891933
-43.257416033372365
-10.287446975039558
90.74729038721608
-41.595413184449036
11.012631871659423
-13.401038669264537
57.72979365305878
-74.35704979102042
6.2882628656338255
-50.684788364157754
21.05915977040449
-63.60277727050114
1.7303070531537372
69.45436655003687
9.348440091592792
-36.81750804721729
10.319110184576147
57.85511665285824
-7.861969269311857
18.13326233409633
33.236472763638204
72.27619237940078
-35.78269742477518
48.82201903913011
90.51946891898237
24.035751411412406
45.96926780985211
46.68963476293786
74.1691045408032
5.354000394328878
-31.890303440839645
58.44396729984595
-15.682889737059824
74.50110471902812
-32.40422875657249
-65.70702722984309
74.93910963155841
-10.054623870135387
-66.19454270012766
-74.65275773812277
64.72374463736543
-67.25542054112567
44.786476037158735
-8.927867349582868
-95.01730760259073
-29.190155862632764
-5.5324713374321135
-70.61967070090517
-56.82453058800909
81.50750986133073
53.16121421405467
52.13186559800795
1.8522991982250119
51.52845263201601
67.08387452186179
36.480304381115815
-79.09939160558949
13.6002541912966
74.76759174880124
97.12330247512057
17.963559839549603
-5.70574886649527
42.959783970045976
37.925977528541324
7.422677829064455
23.285691822250982
-75.5768375202419
69.43182534287143
-23.83699369035878
58.6229093900657
-17.168819185903317
-65.2302281485828
-76.83616351514237
-34.569111772625234
-81.00977890952514
-2.6755243559814375
-23.850499227074806
82.02946799477903
23.80186010298739
-39.75150367588567
-44.784705265660854
-20.50814208142016
-43.91774047761008
8.817423044626167
62.53448092699594
28.13175423155701
18.369340287867047
27.266742193547984
98.68422877758246
46.178815984249724
-77.2664132524943
96.59626415391182
-39.56783257616685
86.5573956970774
59.932775777816516
-15.962443474496752
5.366578809432653
-30.98460563089249
-97.54994749383366
-33.33837725094169
39.77313834050133
-8.328857043796773
-89.51766165465818
95.00889871183381
91.58855280081241
-5.07996593048388
-38.49031626348993
37.962571354743716
-38.23755419931922
8.88945458164072
-62.48567377403962
-25.120012863390514
-86.33553066368272
-12.92699951571015
98.51389565983598
89.30658078591921
7.992790393582069
-60.9858213934108
-11.727797951368132
-48.95142030461934
31.3783237845945
8.857789385730314
-81.81076151155267
66.22243631783928
-17.072230109755694
89.28609865747518
47.12404960136277
0.41096669542545783
-79.03141576369592
-76.96969763516543
91.34451657047674
-63.52321608387328
45.89926369311257
-48.37218280543687
50.42572868471734
-96.71664451066155
-27.161551623684147
-54.363228384579145
66.19914779132588
69.69401595676155
28.122253743578284
34.18711003701998
-59.35644704765395
-4.846187332267917
64.40806392911526
98.29489231996638
-91.57719914213047
-94.60000824581796
-50.47612015552217
67.03657974445682
54.80167183646728
19.985445085027465
-74.65251408168206
35.61810171870695
70.81397242235724
-7.242103244130931
84.5501645120591
48.03662062661985
-92.65465991155499
85.63080217882523
-83.26115441045792
-24.817114640229775
-2.371856258628455
-5.223459886881528
92.21999979724166
61.53844070704389
78.34779025749498
21.8801284849866
86.26074265010689
-56.567506928743086
-31.073990453984067
-34.33580635234772
-93.40537256415686
-74.77704911223874
28.462476154388213
71.44077313402414
14.823931357139372
-17.046509038061416
24.898344520243725
-64.81280278164499
-6.222374455097707
25.898778714475952
-23.814484980811642
-72.1753714165385
-44.7359277074634
89.15992364497075
28.711300895892208
80.14636188616194
45.9515121302008
-25.978780811869882
-34.36171212276855
-36.51725012434661
4.172235973038326
4.358822429869889
-12.38281469667217
-5.276464752936931
-49.10456690579925
-41.99414348549173
84.94363879148773
-32.5481011856168
-25.07194703059959
99.11328195575433
20.117566884072673
98.64614870600721
14.232382875613013
4.709179589709905
-82.19393281689038
-10.894232049263692
44.0240108351135
-87.2800782902412
-8.788677213733152
-62.33381164402976
-55.966390197503536
87.50776165541043
59.52180911978499
-79.35277942207286
-33.133760378803004
62.476993518389435
9.884950832286037
-52.50394865810504
38.700031734271846
14.51534043498826
35.710194374913016
79.719439706022
22.6955275924893
85.5166034684188
44.26904646048777
-29.75901701139965
-0.2903643205554687
-11.899294405838987
30.054302830833592
-44.141457391064606
-83.14237472303627
9.10176120190502
48.63237086447208
-50.51789223014866
-4.211570549943502
37.47659830259019
-41.73623200072185
-10.209534174042446
62.06301403984
63.39278750352548
40.123844021477026
47.057998222598314
78.33042564321607
-64.12079474862387
-47.915902119472875
63.2928759940537
25.651908737388766
81.7621166665715
68.76647996769847
53.64207216736142
-84.72258687176111
-20.786311570015755
74.30822030451586
-60.565351524794075
-23.837958868278548
96.64657644053187
-60.42786697068565
43.53677970749035
-92.07034150682864
-53.11874686585127
-89.32338903604236
91.90093168361776
-24.52891427451081
-5.59569947050187
40.68332838247949
73.05670695383907
-57.341533980577466
-17.09137916905567
91.7398110549232
22.38312265145845
82.12643358173366
-21.534795646754475
-31.74725706158732
95.03829479498972
-10.875749608330267
-15.612047753590858
-92.5578110514065
-98.71898855849915
66.15301162313509
31.25283360825094
95.70308294062599
62.85538672042043
-0.0392836498919138
-77.72847124600088
-82.43787279191591
84.12628927882693
-45.17582482853042
-48.71507735312346
57.45133800738995
42.745637858321004
-88.56086806012173
-3.763770452567641
-79.28903124142796
1.691914987723493
5.977171212026207
56.996519425969694
-75.78396766383938
-24.077913612895756
-96.30798718119549
84.54374549192113
-53.79967721484864
4.037754456966326
57.90902937365274
77.5611883532074
-2.100878610842699
99.20656268895848
-64.2574805957434
67.65144813924346
-72.71701094353719
-69.70137586315433
-4.551838499194957
11.183540500607151
71.47706914768602
-87.95857213701532
-35.17049169622335
-22.082086236921157
52.11156327999845
-75.45742662863387
-43.006170054122016
-89.22519012741246
6.547624694119563
-77.00116764902904
-15.765753421470109
-11.27450813085504
43.793112855833556
43.9525711366137
-47.97001458311212
83.23305132962116
-74.31863155122937
-32.97041587534109
-56.70053188024578
-62.32291794363061
54.25567144138006
-17.42966827028532
95.79707627364806
22.657741186710624
76.28738594756723
26.933828178788048
-5.018645403237315
-38.98537016334056
67.5374149198604
-20.558668093832182
39.01522197079851
-34.59719766777593
86.48299248830867
-39.790606822305485
-5.632309887994367
-61.29488217495849
62.06279119673238
33.04479721084067
