12.388998772636768
-26.739063999059894
-1.5469285913189594
59.77105539058428
-31.848454639784094
34.91860522237397
85.39475765560158
38.09447104284234
49.4114864969805
76.04087901130546
-37.94272682754922
-7.442728395711256
63.32508739627565
-58.20523597761949
51.7493966363655
45.04859872949436
-24.59935627094218
72.1854156797232
6.859957712657078
17.289566970375674
-86.11267800433617
74.00995764376532
78.1106494295795
-79.44410747365325
12.471357183416586
-28.179904452058693
38.07005615751106
67.56313626104574
-46.108828935082435
-62.64827529979464
-22.241141335348374
22.351789311390547
44.61095824982772
-17.061856028395297
-70.34730984154436
79.57536798144164
-43.60321214493004
86.72849616648156
90.41033849478569
-0.10658358546365321
51.023713906907346
-61.771375733680344
43.1945140570497
-4.360242475738659
55.42758563342372
94.8192463965897
-77.99876800068208
72.11099546144598
10.813067192103219
80.01813788915439
84.62505203393644
78.77085448829803
-32.582727490838195
52.46696515393407
74.13865495932953
-35.70211032829553
15.32593551217451
-45.478260127281864
-98.79386351769035
30.274022679894017
-13.101898067954536
15.516879932494703
53.04686924369946
-57.20998947940714
-24.943824904514855
-24.82100342909736
-90.93024422464029
23.21955789955919
7.478162313169449
-21.906487248370638
28.42423950157354
42.891009571794626
63.51838954962233
46.98659029028411
62.91359554268092
-93.62919834560974
-92.62967607613379
-8.852110465042841
37.642715519117246
0.354810240867252
-56.47065169255492
-76.89142410656731
-80.15926867530968
5.910799772475201
30.41806847539948
71.72735549584962
0.6900189810541377
49.7107374867048
-29.883188993133075
-29.330950237168324
-58.32423849606818
-96.73757526579585
-51.84603127398253
22.292388438750052
-87.63153394215438
20.512811419509845
-95.34178801859241
61.65253027880354
-48.51832524517485
50.020195549650566
-60.02632822287863
37.140616298261676
-22.72912288088402
-28.20796030891222
80.71542743063279
38.77148794223194
-75.65449701302009
-83.67457247440089
-26.997629105152924
-64.40633703576088
95.59498403544279
-93.98026563606248
-78.34670950600369
94.60610147150265
83.46346435541051
-24.441639319759844
76.90271033134204
53.46825814020954
-13.313691543375157
-49.07177068083417
-58.62455533886908
49.507978975484804
-79.55050662809651
45.81082682600183
45.7561010718386
0.044093266738215675
-44.052775076572814
27.61168918290231
39.19974812199345
85.36086012151858
27.88264545947719
16.73001491857235
18.131603044030783
51.808002752436266
9.29687790077736
46.772831942352695
-7.848526262167837
24.391171811461064
-17.35389789103546
-87.31778143860281
-61.712419201803655
-29.843269139174836
75.05393067090301
-42.85772950036526
-7.100604618246194
5.853526598819656
-66.32824879699496
-42.42017393274213
64.29693269117607
-62.74751805652387
29.375612472152454
1.1934995979413117
31.687335333695927
14.884557139742682
40.983003402607466
95.34096175062587
-32.25035160912053
-22.278981269570792
14.91094638690626
-12.494399967956582
80.64456190395691
5.198685191671814
-59.18195760879315
-3.483765535968118
-93.32801693260716
-99.77572756789688
3.9452644248526383
-41.905534725246675
63.645769839281684
-66.20952917206432
46.36050156308181
68.0855619541419
83.98746729334232
-12.395479566353458
-80.69610845532034
69.99742257531466
37.18275720044616
-91.17806172761718
-36.212908724942515
8.209773812929285
49.26902611753766
76.2009576542084
2.7251022227498822
59.34267926376421
92.72263676796578
-87.43506450997296
29.697945251891497
-19.2695948411792
89.24720957417162
22.44788435742113
-24.91348243993501
73.58043499006786
70.66492614897021
45.50129740819827
17.838722103556393
85.92729619439453
64.65633623855538
-68.86704213262851
39.31418591644817
22.96364161528726
-84.34101014506876
-98.7646937531734
4.7456055620994135
52.56417625588051
48.771742964085036
92.16118103239526
84.71347783753797
-28.704354590915713
-85.85336042317633
46.82331764900593
72.29222129174991
50.236979692718734
-38.1485281794258
90.07984579989952
39.10608227932846
-75.73598504099954
17.3157930274989
-37.63167180572742
-46.009331070781755
-49.10936564125103
34.23189251613687
5.184869228434678
-53.97391869813693
3.271243140958262
59.05391718642866
-40.73913854687501
-40.834817798577184
10.205007141240529
83.90779876254521
-53.41769068255151
-81.80194400118855
44.26128361390721
75.9320340216245
-76.41468013740425
72.21178690396778
-11.691929397521108
48.456258672347985
-1.3744094872286183
-47.29411586925425
-96.89387790530155
-69.24785135116325
14.258104719035458
18.716733782554655
-54.29426835977982
26.107895049280188
-20.166310377539105
31.588519163366982
-67.07110156872909
-11.943043709466721
-93.14043669470686
-79.82413861257172
55.527769096090395
-46.54059006674969
-26.663066111272343
-19.544520056717673
-66.24662691043608
31.41119107082679
-20.202692633142092
4.918094595695365
-92.70809879822544
-34.4330267698939
-96.85242778147185
3.2459661740523558
87.31007905489625
7.571530785219778
-14.833245980277681
-66.95143986096468
-31.060356340203384
-99.06396042345962
-67.73853787003023
95.87750900645062
-64.6750205576316
-65.09291995643964
-78.53610496583528
-14.794419400369478
-11.251288970963998
-96.91418756983916
-32.25642396989524
91.73948201599237
-5.483247122856994
-70.63961160315122
-75.53364636986124
24.18492154914496
-0.5632424273985066
21.929727464026143
-59.098414374644605
-55.95224103916261
-88.85811685210933
-32.85563474466112
7.256377415294253
26.945149523539996
45.34288107522653
-73.66066082515542
-36.57824738165567
21.930309437793753
-33.90078794655619
-74.22421937613714
38.614530996111796
-85.95876731840653
4.763561051629381
-48.466182261657245
30.85814284189391
-27.1896595248936
-46.2852705302683
-99.81377621853638
69.47220281927406
-9.103221125146433
-75.47042361295549
15.030126692883556
-3.8343730019553277
-36.61075954862583
-65.01215888535651
-71.813406901558
-13.683863159300373
-61.745708537520684
-34.881996069658115
-29.549780226728828
-16.280545112166237
-91.52841025005402
-73.92652524642187
26.812306156419623
53.49393683557088
-46.03281021090382
34.34899853341523
-69.32054958089239
-24.831046548140677
54.86923737852629
83.42370487571452
-53.50000404499118
56.72213729915333
-74.95362256967333
84.18259315702866
74.66196224548293
77.73311762890128
92.95875990370789
73.66827906120136
77.62992259333495
14.55045447855747
-30.79403769671805
-93.7938634465922
-23.694266621158505
-19.940103625582623
44.158065041822056
7.640800631045025
-24.132099125030408
-78.35712438827298
-74.89224154745065
75.89921382423015
59.4334565881189
81.50966536189046
-90.66641249237327
-21.287903196396442
-94.23032319766236
8.674848767867076
-45.042207199446025
-93.99892534445185
70.71610597804798
97.47224747255976
95.2635280169768
-70.11178832659314
68.50455642723173
-68.97971461244845
-54.71694947318571
10.926106306781278
-39.47913695041181
25.395691842044016
98.43929150888317
-23.11470162541444
-47.15385492171728
-22.73636920639595
52.701172690422084
75.58525200788057
37.59477810758983
27.88328911191283
-64.5401103841715
59.37224722991968
-31.880555273346076
-53.78177575357967
-89.7268339113495
3.5783629993628665
35.98738539283326
-26.43944184621978
-81.7538406084535
90.63193073261817
9.195199262271018
37.64598879885085
-92.99120244307124
-56.63281452694267
41.66941998267589
34.189304358049355
-44.827574590970684
18.329795188779812
15.216238916758655
-77.54965876831896
-77.02527830002327
-69.76638334390253
-2.5550529182807935
-65.82517978650036
56.60463353616211
7.81984781093341
-96.18859518761683
-26.375497644706613
-20.439521872163795
-25.408699562465586
56.336055970875265
74.85916701893854
83.32343204000395
80.02954406920142
-39.22567581415517
89.76676672510965
-76.08006805039011
56.48134049326313
-1.27552114082701
40.59704976870094
-11.702036032924099
-73.19224137535667
70.86288806698639
-31.78662719245844
-87.87691983363561
96.44637192889448
-81.4216076001018
-5.39430030706589
-16.04632958503427
-42.04618245865996
-62.40193465438213
-65.641175315308
-47.50587019135204
-21.521330701799783
59.895471835999246
-55.65599569038404
34.31747815198847
-65.6690784077461
28.03657836566404
-72.58579378688457
-11.521811016694784
21.455657733964358
75.92095674789863
89.7988613594766
11.691379645330628
-49.245527376696494
44.69236521174312
42.05865489452728
-10.0689356888237
2.9258268824086997
-21.257634948073616
17.124851919271407
75.77744418514189
-83.00884588885084
-2.516022370436559
-36.791879115730055
16.17504860934666
72.2960172716567
-71.93548349329492
17.655275509224523
-7.243768054749083
-63.50015990880007
95.47195064809671
-16.66372313995346
26.86091383943088
56.27776810958051
35.09187587968765
7.034552026257728
51.67838010012059
-92.08071982179622
-5.413235286376178
46.795240772073385
9.512998843991795
-60.206708488611895
-17.638301046554417
50.43306628675356
40.7392443290276
-71.3537868200936
-57.78543272568102
45.613375364954095
-39.69692708641852
-4.059650354321988
68.56639447829801
84.04906521583911
49.4213104080992
-25.74826755024351
68.00255494574787
24.49195286321853
-18.01893831200563
-85.10203853784228
63.710147755197
0.7216432608345968
-70.24353751162649
98.69840777779459
-58.83254120710517
7.6441038564290125
-41.69820380633074
-9.677660741286445
59.0587034836517
81.29583704071678
-99.43617141814751
90.66434900368623
57.76966171029656
-85.95041779357922
-60.98442598110545
-48.33018445738539
-16.951685811331245
-41.71972555396872
80.69887179753667
84.96652622991937
44.355730971091276
-86.11460272111606
-75.01350800899944
-32.363531098323904
55.17629036451265
67.12714159700147
70.87015381137354
57.651028749897506
-7.215959488481104
87.03729848825705
27.100056624254947
-53.123392680296845
-65.22698657145365
95.49590437165111
36.77760615582383
69.59313757616655
-53.62614529141507
26.865549166839344
-6.718220815159242
-21.333126086107185
79.75801193269993
-30.23412684377567
-85.99716270613402
-37.78681719233512
52.297283956645146
41.21012361957298
-43.741514272591075
90.53634511848571
51.88785950253157
8.243583770251334
46.7300123639848
55.19839262326272
-87.92400911740343
-63.397344419986766
-73.38720238556408
-67.85693519033879
-22.452854291947503
63.01553648865496
13.748200060740274
79.49276427554511
72.18603335855315
-17.290815841150703
91.63547604418974
73.12637368369491
-7.477069109195213
-38.625038421756486
-78.74023824982876
19.06383376955118
98.41605028825904
11.711962117267745
-22.552511864964274
-40.46233170747677
56.998140315028934
99.17522642127526
56.89927654617307
-7.315391674879962
76.447348595461
-86.58678367791468
-30.129532588780876
61.912111646679364
-27.436290758386335
28.415748655614635
-73.05127425366842
-81.15384234164868
60.76090316174967
-28.84747737573548
92.03789240608239
-90.0552904886186
-1.8239492691557189
48.84247019108844
89.1358248493911
66.39063322162036
-85.44820237042336
81.16232527012713
-21.90289448201601
-28.324297986533182
12.800859563420502
-51.80446498552725
-64.41388662346489
19.29054310099258
68.40409941465919
-1.048323689572797
26.03108371496758
17.91035071829083
83.02361039803966
14.141577648695701
15.259593657215873
-21.908433995126387
1.8602382148639833
4.340345959232266
-78.33843070707624
-5.685898943097698
-79.93373012441964
-87.00488342881631
-72.80951717269784
-78.23347251986716
-51.21103957877116
4.306396344904158
-43.89774943751421
13.261884841757194
-40.34006047099516
-48.08120408766558
68.57630428127459
-81.17708614852958
-99.38530026781716
-9.502952327942893
-79.41349558270237
99.90233474822307
-59.40530506242603
10.542348491844407
-52.13553745428363
-20.255073294004575
-13.890325707771197
24.318443259047328
-67.4961252012223
97.20751189021965
-30.44973330481156
-21.9689508941088
-94.3585980432323
49.380102723488505
94.21928364965265
-87.87882752338143
13.964302280998282
-55.19775221540324
-70.3146021914607
-32.808943487210556
-52.717634563998025
24.73813821840811
-22.170501508562765
-60.65089431971214
23.883925802306536
7.036451348455827
-93.65030021543129
-73.89265202748365
46.93733787108789
-84.40136740953204
-87.9696989655937
-18.39889575846105
-22.311097149630356
-80.50887071311979
-86.05185662767829
-96.76826431134131
-72.06947384019074
14.595930073440641
95.49793803647935
-3.018017707669628
46.03934292236528
-21.72958170793386
97.58948557325752
-70.78383699516273
31.202228990308527
95.50734338957267
-17.681374262616956
-24.39055472416669
-29.579623593004342
-94.02784702452544
-72.32814208421931
-83.64034240000315
68.70123417026451
-40.16983215308383
56.083484859327115
44.579285394427586
-96.2441779795717
-57.66671314513576
82.21989261428618
-38.542736648704846
-79.58879506970703
-87.54771241563776
4.095138132065216
-84.65341554686452
32.31801844291468
-92.16059914978574
-39.4688594979663
77.79013947704956
85.95086327394196
-67.0290621224606
-87.13446261401812
53.122679459617615
31.57096730095165
-29.369699289207077
68.06322467952381
-24.68957329920076
99.09748581470544
-67.22320411505413
31.52004300991763
62.06596886246615
-96.88783301688517
-91.70780731556904
59.657178167162016
-3.0302063364707266
-22.498969857736824
-81.27905123196264
-4.95150377826657
57.117552520621985
-32.88072008199737
0.037255965585274
-10.331188341607216
-32.645621788906354
-81.46078292946638
-75.48335112671106
18.586663273357786
29.089682840282848
77.20129557843921
-39.70049250265344
20.983038260002303
55.36647667267326
-22.716358133467224
-25.318136739012246
98.2132275157615
-88.51753656098145
41.90791325749578
4.704105846045252
-11.180099923378833
-95.90020218168421
59.227095473153526
36.422996163093615
17.072396384730297
-0.9729570407364605
-65.74726344235684
-83.30536888022348
-71.2631171761396
41.413105060511555
-55.6022006153343
-2.1561378969959293
-27.505707906183517
74.95129443105813
86.85799891542291
27.50445983157124
42.8682375330844
-92.55160844388924
13.92237683755684
44.68437600416337
-87.59398306695022
-29.44527073795473
-70.67456345166939
-22.19936540237022
-57.6315780230352
-42.70827409327895
56.35263807151051
-30.286398876610107
92.34002288339221
-67.6099669857499
-6.232814715077154
32.737413296854896
-33.37732200836862
32.2198113584229
-3.937031903710732
27.187053716300767
-54.891553324403745
-66.07185621881851
20.14983529062981
31.87639229189668
97.87510510489435
18.718374566950928
44.371099061712584
93.2145979661334
-33.41620301449662
-4.573031548582819
-82.61646955873357
-85.48264485043981
50.89698473423064
68.0876410822375
-38.14850824580516
20.51036767041012
93.67270081186902
62.64620314189105
-85.51341348437779
3.2756446703380533
65.13350588381095
-43.77886975199856
85.31138517088661
-18.12229722531751
-35.87187355072568
-67.07154010640886
34.432371138596466
72.94453753385591
44.477605816809785
-21.730173700401025
-27.103799627017693
-28.608188709161325
18.578606550194365
8.910412758692061
56.24500567770326
-4.46346631967387
-82.69435199120672
41.796078306647075
-18.683925984086613
76.74422068844405
-8.459854084482515
-29.989338969689186
69.68822209170676
78.72366061759422
46.82221207150877
2.6532715693245734
68.07845607858565
-46.07372027091641
12.43698200187977
-82.64910367749587
15.191482961054533
39.25450892458099
48.06108972408714
63.069230019453784
90.54427345886162
64.6105170637912
32.8639196486682
2.2878363237078077
65.51316937975463
31.145479858025794
73.76995850861715
4.713056606448433
82.80909444002202
46.891005739255064
6.713959409037983
-58.8493847604717
-45.10500321184765
-45.49752347455147
-78.08409144072992
31.02339944356069
15.751883625102252
-18.965039466860787
-79.43405012515271
-2.1667032577666703
-23.193618405533243
16.306133040696082
17.336416282296938
31.57885536374488
18.855266340256165
-15.538031121758067
-86.10838675868182
-74.5984872800201
-78.33461855850814
89.57835325761147
-25.114429679789694
97.50795246066545
70.45992974579733
-92.27748883037741
-25.822177578002766
-68.31476787147415
-78.59835535886886
76.84637811377331
-77.61410786238984
-24.449384988349493
74.83322684755771
-70.22994390051029
44.51052549136605
-78.60479653706089
-69.69218625861902
35.37046696251852
-67.67937678414499
44.579444345888106
8.413159940370434
-32.22115698202461
83.07116426624975
-60.939292754186255
-86.91118169360735
60.620136924752074
55.315332803900475
80.02612389332228
88.05410391727057
35.698359436650975
-67.59997540898506
62.73171931223328
27.353873924950406
-5.113804755067179
81.25172169988599
76.40087341434366
-99.03333266471688
-19.12722062578031
10.020840555488377
-77.76468786327715
7.900561707021538
-72.34091031669243
-55.34715625393956
-93.8144683217927
20.52922930191005
69.01676272649121
-45.84065821400793
21.698751153157133
-80.86797361951895
80.37764419203526
-53.55404314241101
36.71880501364876
-17.473482285093425
43.081433769013415
-91.64508132491824
-52.68353520847899
-77.44447423854082
-98.10335117824305
-45.169056667841076
28.59605084956823
-67.06523647745186
44.47485239438677
58.1099882067752
85.24916403650121
36.0648063493193
-1.3319605196697495
71.94823808170074
-36.639962404413716
-60.437491353070286
64.04647997952182
6.29274934333128
-51.07349917464361
28.11996297071562
44.66056023862234
77.6475097490364
69.40188129296553
66.30626215945406
-24.3509779740437
86.09507093032335
-19.150910139447944
81.83781246088469
76.16907193766764
95.39060475950475
-36.645896180876235
-71.28377547921119
16.27191246499899
26.22907019313756
-79.06417450357115
-93.76598654606465
21.587838189931887
91.78135931067501
-61.57306686299589
2.6768930491466705
81.61795386761807
-99.61845068963086
-83.00035498087892
-72.50305944392612
54.92301253442963
61.99619349476663
45.927433258291046
39.46801086119345
-93.64902226051267
63.68169372779607
-1.813486604098884
-44.11706022163722
-38.972070336637785
-16.296975393852293
8.004065570436893
92.27689361196286
-48.53014244192195
-35.07298130162815
47.202200922982456
-48.85647203665273
48.49117024481248
-82.78987602561855
71.76955322969616
-80.90536953940968
-17.652599994693418
-72.4420663642559
37.6828292886031
1.158548765234201
63.746793460402245
94.56301281778167
-55.4987421026772
3.4914289553041016
-99.47478232212778
-37.03535416861865
-55.159082834193995
-90.96474697506368
-50.99168525686137
78.05369296997594
-43.983500593970206
-29.369149207713647
26.115229276794977
-55.48479184425463
-61.48274380007326
17.83451920409192
-34.28648302455541
-5.631105910757995
93.61065602584867
59.9273183713143
-67.42084971916037
26.273322174940688
17.135467095915118
72.5576930088695
3.8425281088487537
-54.10241170039085
57.587453123460136
-14.987172661286024
-80.85709162653205
-99.1922177045861
-58.87781741400986
1.5335791703898138
79.0855526900489
-69.77942051646878
95.91563822128919
73.89316938520628
73.51310510179195
53.898904258824416
-63.846640045319745
24.179509491787556
16.84946638648077
-8.595492652129494
11.554757186997406
-83.92960924195425
-14.134945517380345
-82.67097359351718
-55.962391198701724
-90.5194784424497
-41.802681203431824
85.394655392336
-27.936184185900004
-76.4485813249731
28.960313641004774
31.140683602124994
-56.23689516697987
51.470596324793064
49.5164803964079
-27.948113475999207
93.06377698963215
21.042989539566562
-97.12010206584321
11.037807983956881
-52.58204921487008
92.3194761854028
86.9231984542086
-58.53395835804272
-35.15470701911521
59.07269973035528
24.913353329470638
55.6088780003322
15.310515678839522
-51.59124233070149
-6.461624413339621
89.44571177590333
63.419984651125645
-66.04448081409083
-86.54802780253878
40.16398905546339
-34.141670329909985
69.07108324204384
-24.85236200307419
-30.153183185466133
-65.62884522121384
-63.032592434985936
-91.57476800832025
-26.02099193066462
98.91883295190507
-83.74288162236951
-41.797433626221704
26.64286873144684
-17.05686320473241
64.96491813372401
66.21665050349577
-20.775723497372027
54.69460337602408
42.68281991962834
-77.07477975476644
-82.52580749604243
83.63147162427995
47.03067903460666
-95.31179259370232
-16.117976860180704
-72.2435564760149
31.622731732385034
34.48880484310922
-57.82233187160622
-25.125608167744645
-23.89911952804424
35.00913287774165
32.61038820766544
54.97709310853779
69.05097941160093
-13.456486691715412
67.77233343744362
-46.340666643622995
3.995413330578131
35.90828850472121
51.9358435420875
67.33487962666825
-41.20117704549466
74.1551542583384
42.64137508131526
-72.37616964810496
28.461369684898443
0.18991682974956348
10.34999352308536
-1.0954031966041242
-8.554024344165143
-96.23775319647405
48.57212470460709
62.4859214677964
77.85097164983122
39.90993192111364
30.75807376433005
72.87846298695604
-71.78995828567143
99.35825166196389
-99.85592428068195
-72.00323072503878
59.47441348275507
53.14852581044093
84.19568279273025
29.38356665279909
-54.18456645622716
18.112316860204245
-41.776142039631246
-10.483748384411683
-34.07087414259327
40.2229017542829
-25.008340152289904
-36.594943652689295
96.75772786987423
-80.34488714958488
74.14284064563358
-92.37486410790665
-94.64082868401658
-68.23875854055828
-2.492338050659498
-15.301360147984994
-15.387976578645151
-59.627028619853625
-10.677461558827758
11.302788451917607
-82.43686177492135
70.88193844795944
37.89027978227787
38.72004636586183
21.496059596917164
-32.41264342541106
29.899539700515874
69.11746943774995
11.698480526551961
15.790335313386564
-20.553183854881226
-38.192202384414564
83.99752690343936
69.44516902345376
-58.800747001983545
-63.86639241505871
-96.13134455366006
40.86925182190248
92.17389231933785
70.78244146430418
-19.999561636345902
22.6864678924876
-23.018889283743647
-34.55305600838126
-17.537930918100386
-66.89201162720057
0.7902511631659337
-39.02266667742293
44.21923360128045
13.191865727795488
-84.99478695082982
62.314471696123206
4.462126509870501
79.78305882334783
-43.63990629046912
-30.38432859591822
-54.195391624702374
66.47829631253742
10.601852807163297
22.942416723836146
-10.117915121084181
-52.051250390734616
-92.40150964410235
71.59253911010288
91.11422812278573
-6.2166178805028665
64.53336001174867
-97.84099708358511
1.0689263765168988
70.64161616752423
4.563225667943897
26.017797575186847
47.747225564055384
-56.98404370447607
87.7826831256009
43.436791807258686
-70.56400618057211
-76.55076739814058
46.95548373774335
-52.992178001406096
38.36511607528345
52.391269154533745
11.029254733095016
-67.85215144933517
-83.85434843768721
-95.60512182329626
-76.99297638427143
69.16052724251324
18.288232840628552
-33.342028869761805
6.399560979440125
29.96129375631196
-40.725836166277716
75.04471544450183
73.95273470024924
25.526537457672745
-19.893191024177753
-19.268374991335307
85.26710020251659
-92.87823785191769
94.57953857537115
83.22116197176189
-4.5916253317186175
67.57761884181937
-68.47234585283371
49.1977005121326
46.395131238792715
98.47357313847169
-65.64366185167347
-86.29298485673817
-3.468523623993349
97.5618856946976
69.08096836499809
41.399653380359695
85.20851318229265
-92.86806558818002
20.680248964413366
43.20725963874895
39.32023294336312
-79.93026629472018
-52.23892748233645
78.37990458471828
-16.489455720870126
98.17583380081385
43.736968751170195
71.53935391453115
-6.04096003164905
-9.407728928925891
-50.06046975783154
21.751509693897788
-53.163702886358145
-43.412662542522405
-79.59684878560762
-43.96929918589485
-73.67081114951787
99.25238441164913
-94.02198592271618
-46.843524627394004
-13.566967599781748
17.76318503445762
-98.0266607501832
-7.554075047759596
-62.44610518949798
-29.313659211198598
-51.51865265899958
-18.11621600434188
-96.91399333805253
-7.190063215273241
-23.97777285661398
93.29400746406404
-40.73745351017482
-89.48090188037176
1.9705727783263711
-47.59876772419174
25.938415324463577
14.918143040931781
40.03558784689545
10.926375271379968
33.83049674586465
-84.37247469533729
-80.62742217244785
-16.1585851012525
62.15183223636734
15.755367051249024
-35.489229779932344
48.0737414918315
81.67989597635574
89.2349636758382
-48.06323517682096
-98.71971894780455
-77.67284164027592
-60.2685037579128
18.694683786431312
25.521067361796383
-28.654347757278998
-92.47174724405724
3.869618304386478
19.340800162857448
43.545336144239485
-88.63159985626683
-62.95620709327336
65.66879047666333
-69.97442469159978
-56.81790467994272
-85.20706964013509
63.3695496841805
-29.329305308418157
42.09716074551173
94.45047499561531
93.76747683836265
2.232587129894867
89.58351401384036
-69.8034639414735
71.40635486082954
-36.54392886860145
-59.3211425973573
-6.461277065952473
-95.65383585635286
28.836916709613718
84.55125496877619
-24.292027226436304
-50.268517413500376
-92.91160822570568
54.02990135505192
69.41764334775195
-98.37587724205356
41.39750572128801
-91.66399947191638
-22.297429717716795
77.47751334154577
71.20757917216832
-33.03201959017568
-26.970422348949157
-56.495928980310126
89.07862660987325
16.23030735368232
-34.57683463773155
22.564756198025023
-64.09020761486397
-26.414491720701534
-68.43027191379963
84.97547311305598
16.87706032446188
90.8955886594508
66.02760390962678
22.526873978747545
-17.95966162743821
76.2644994623551
18.45820462995944
-59.296166156497506
98.32687552362333
-51.32447318168345
87.33630940442865
-92.51257213774389
-66.81178657390134
-91.79238507514118
5.811435893665788
53.127372468659075
68.79285461634487
-2.9546256847314396
-77.01989218125749
42.71244560870798
80.46243439720485
-17.470424329265313
42.27071225629928
77.13552068747802
-87.42033927796386
97.83205938476576
-58.68319413720682
26.11318954707464
44.931178196170634
75.40681870598863
29.4500167640916
-62.357685125295895
-57.31950760747788
-92.25840531430438
-14.382490608594736
-38.99798003373607
56.62043833217615
-56.665891049921235
-45.654504105213455
7.743906397554994
21.041683440520004
88.70809455824033
-5.978338291484036
86.89994069596426
69.77579515598583
23.123309395829892
8.527397772817253
96.88491736090415
-37.987432884430916
-71.35133139847784
68.4063996097166
-89.75165381817376
-87.51374467123163
-69.17478554301624
-89.72106794211057
-5.707763720405751
77.58508221334313
80.35995568327644
34.91927925998911
-59.53532263432544
96.57710624272187
75.98836686362384
48.60369040707715
93.39467824754968
48.856180516903294
30.096211823659672
-52.6441963624265
98.79793960352035
-43.318448153889676
63.19832575212098
-16.370252743680823
27.95462291229505
-22.749787593568712
-49.9089941385346
96.50196815493473
70.24284874127
29.914534348250896
-51.913176602275854
-94.9462827715668
66.74885435671612
-11.424122890895603
-50.94683781634322
-27.438090425080432
42.46154475470317
5.3791929009289134
62.32628383304245
-9.335091858753344
75.22269591147747
44.18763506872497
89.56722261314997
-86.3584335800925
-77.34522317969001
-8.675039979083238
-15.404611300783898
11.185109011537492
91.27035849990182
3.5062303041114404
69.40252575732035
50.96411557223635
10.524424368903155
-90.55117234089344
-81.32224787199567
7.04946259106643
40.035543916608646
-11.614658935901303
-59.769277459420024
63.08926490396624
3.5948743436176755
71.21493568953201
36.25176420668777
-9.352096670509383
-29.40208637782314
-69.57007195994767
-75.01943947271684
-61.24039867008211
96.70238893028284
-81.13192620021175
15.168297092409873
47.353737205268175
-99.79915398698968
72.70970956190877
36.32493927512951
74.51071960272986
-47.185173104240775
-79.3660383415737
50.16501151195695
-84.74160323822821
77.42041181259077
57.27635749142979
99.07788274666771
39.95535921059607
18.619249052037674
28.172427663014787
-43.77533105676326
-73.24477060007445
58.28683534160385
13.031023145854562
-74.98202222809385
-92.10769668232798
-85.49525900098726
-40.94570832912967
37.737345143129744
-73.90548106555619
-1.6324793285895254
-96.35731410399143
-11.98001735416183
72.83116683802297
-50.48464379947677
81.14134251420833
-6.8725300366701845
17.023079966680285
-87.45979790636775
-27.46553531905353
-63.44180696512356
-77.90468913504725
99.5266596806876
29.3766438989241
-12.899789382984991
-67.56461654612913
-35.05048460631018
-73.1154920168297
-6.052819025501719
49.589019065863084
36.7192605323564
61.6297946044416
-25.88459580535975
94.54564185281777
13.983500403901417
72.03229256541951
55.67582512928607
-45.3804218539458
19.720913388118703
41.918377224136606
89.14007689584457
-16.48458031245835
11.80945457831109
-4.064525809337269
98.68766867539838
24.233066543004767
4.566406380241531
54.835561806024344
62.12585474521421
93.98452117943944
-21.1372700242389
67.84848664094162
-13.656282800304638
44.175321464372786
96.13632724491151
31.64326406097058
-97.08395915946979
-5.291100331679189
-52.97501813956151
-29.48079736449074
39.6299663767054
-56.13226187973475
-55.22942487510176
34.1259842395759
53.50784186406082
65.53281889212684
89.12173870028187
73.09671811642852
-71.67521699975757
-11.007573210753563
6.532263475806374
48.69991941839277
5.131997642579009
-45.55366883333101
-88.21429129157295
-4.868593775081649
-81.67360165564031
28.03213828715937
89.29236158193584
7.839203604238605
80.74761761885514
42.434343792593495
84.0705533340631
20.467528162260322
48.73666482971589
35.280949767770124
14.039490005237525
48.291661525631014
-99.95603371541297
61.66758984742884
-51.53864860635024
90.26435913348979
64.31064608606076
81.7425646012671
52.06497103008917
-21.856744979113202
63.38860023582316
2.313938434722047
-41.65973505604603
-82.9578151174118
5.933050224121089
-88.17119516298357
-33.070297495221766
13.303332051221545
52.96397583788195
68.99496324695386
32.710008133852
-19.033505391309433
-27.634101854621647
-3.813829510587823
93.00440513328368
30.201231730759105
89.66485052165132
-31.056971469906827
-56.563525348941866
97.41483037830969
-78.0806605006229
-22.526426031908755
-63.43305774816741
94.42310818286984
-87.40124866233027
16.36016754271961
-48.99174719262713
68.05468008783583
-3.9973875121341678
-58.853892190499394
89.62931629236041
5.471733596161911
56.70715670197794
74.31370531442835
4.40201733654402
-22.612328822519828
-12.265640282814672
4.910404603017497
80.11637642419595
97.25973632241582
-23.812524681786655
-58.898438765189276
-44.35884835666404
-24.912619703240324
-61.05299573792395
-8.620267621097398
-87.54292508034472
92.3719992920995
63.57512944896578
-11.333247083692697
89.92344649633378
61.34262869089105
54.06868936384356
47.93417017962386
-36.340786414838135
-74.63311801443592
-8.735136329369993
-39.18983038781596
-31.30982494372114
-87.4050659337999
7.025347097773221
-79.63990080488514
10.904716762625924
12.571806590342987
-73.51280175606556
-23.292227462611308
29.282276852976565
-94.86674477964947
33.62695660258913
-22.611100222298404
82.74659589121322
-65.33042800533546
85.38324153545656
-44.30687282449534
70.69740620005379
-2.0704980973573726
-19.359105605908965
31.45452346335952
-78.77346090494373
-54.47820831110533
-97.56912204720842
-85.60537704376839
-61.4462418089595
13.402799395666491
-75.59373063777552
74.94619794602661
-64.5122224327789
-51.52890767390659
46.82078574683996
-74.60058299219105
-1.1119598092209202
38.91336289941779
-96.88386199897667
38.39050324060153
-34.82321140102805
96.343088033627
-15.516812596333722
47.72960118675357
-94.6996320945071
35.89412142849952
-84.14318219270376
-43.301288910739764
-71.78971367342587
96.13025290065727
-94.05579309702684
-69.57783843348955
-98.58656181465489
-89.50463703587918
92.03700452765383
-9.706053284378541
-99.63507988773284
-97.21122478665953
-99.50723710732048
-76.3620611075691
18.740165692993443
19.654615621895545
14.290746827056026
-86.37697388331141
44.47275103280924
25.470301490896063
84.73996804405789
21.807236469852924
-30.69578701463
-82.95090058162592
59.5016198417278
-14.408939174435858
-93.5728892084222
-57.356525052569076
1.3186871980897195
3.1752801318855006
-23.27064851453322
-23.319466151333685
89.25954202850747
-47.790500805636626
-32.25448509828861
-33.867514084334346
-29.877317245371998
-17.887596980487984
-25.932163093594028
-58.55754274572236
-42.42370040983441
85.50949196483182
26.206623217972265
16.14715830638545
31.526536306427033
-19.677829873144276
-58.9963471624807
-93.3376793953713
-66.71940840598862
85.91948807234334
-43.537231009264524
-47.912998514959384
-73.79490428264874
60.48191778090137
-36.83994785656215
-85.75061590815298
20.752189894780983
15.56924826686253
78.897056637866
-5.033768481015798
60.00707149423545
-54.31325671396776
95.50593652078331
9.752427535845044
-91.94289009813374
22.76203677600894
-20.399730338263097
-23.263260177587725
-30.57522072044148
27.84585036766758
96.90195982317633
-2.274798515427406
52.86895007938381
-27.644228517615346
38.84883765619159
-47.583992099966736
3.5746357006986216
-34.94269858820938
-14.79893769398953
-84.97103339981744
18.4005700257714
56.35498943838812
45.4402814212672
-60.19670150009671
78.10608008865404
91.64756585905184
1.7944454447183347
-42.22703450996552
19.670729951154684
-34.88262025261275
55.87082006069318
-46.818866125992685
56.135442946047164
22.395979752144243
-56.897273837655945
53.1679601203744
47.35401654777732
91.9920944255417
58.79225403443914
48.91141516137478
15.041744055513107
65.74830152333598
47.859045517034815
-59.422244168938555
-14.384048130007415
74.97538098084658
58.88241742203482
-46.37853130709091
44.97143534726874
58.50481553297854
50.886525606427114
-81.14171644427002
1.3169055031188037
23.974962986364616
-69.85798649351855
-82.36387857623868
74.19079452185488
-98.99382607271731
19.121653521986318
-74.88497712393287
-1.6940591999839967
58.82353700088615
74.66724187446181
-39.61583387995227
38.34605792011982
46.58650317415069
80.61172684586359
67.19375385394895
51.472125050644024
-51.33264146235157
6.260177450690122
24.85124050457624
-32.488342067699165
31.23809486209754
-10.039045679496226
-29.691958030022136
66.46274329940752
44.74640586131636
23.805136381987666
7.639047224154211
-88.11262314968292
11.998080072119663
-5.781136957922811
84.89303602852615
-32.23431929572162
0.04116743400925316
-66.97016153590127
21.551936905886976
-49.633302480939065
-20.341532127568755
-58.33742577170018
-52.6222614652126
-36.777986859043274
-92.9008457249056
97.10811106791834
-81.17850968082496
37.37130789042209
-68.8704311285139
-21.369319322393366
-52.679340624511184
-74.85939845837699
6.711276936774624
-98.30257739436408
83.03394660886912
-56.18350927611269
0.8582155687888218
-51.781946441320216
-97.09279624176274
48.80680856178378
-91.24921729397568
69.20732551271917
60.098080531489956
65.56938559400766
65.0946689042417
-91.6349519635094
79.04729661975918
92.12445956043095
21.343431006110734
39.68630940116344
10.035311463362206
6.117073746886518
93.506205739211
-56.814922916274966
-47.542028289457775
-59.14679409571624
-6.259574361419709
5.505904716535028
-28.420245865803892
46.60600983411638
-17.374030112795765
-29.11382964976572
98.62879245720524
9.390826165379167
-51.39543445054302
23.015188469412735
6.597791885399175
-88.52956664119012
77.90523867642034
18.809977351145818
-27.767692053971288
23.242608467851383
-92.3273002381848
33.82459662062041
-41.87609460623671
-33.21813984072193
-93.86865103454186
-58.390945503919745
-63.58179379645716
38.59426535266189
88.08263017729988
52.39721474793035
80.86847892873112
-83.14505537113959
32.519449266045655
-11.714250215940297
79.08967017660686
-85.25958625948162
-33.308794923214975
10.243768377025589
-9.717889636067014
6.141548234312381
51.63400592402627
-64.46905363849336
-80.82335940450398
-6.725940772082112
-86.12902932504609
46.01854238075069
-85.11078818019948
15.029450672395356
78.51419206393581
-96.94466703400961
-25.379399761361768
-75.68088581054047
28.592714977498048
-51.52439527277988
43.55561507355824
86.24820797025345
27.070919255377504
56.197538032457345
-90.38677951562259
99.43909800850827
-11.266952254940918
50.780220846451186
23.16061992096745
-93.83598316501462
-15.933754200360866
-58.99245982961487
-15.18157231758859
36.737057376525144
87.4794081055528
-75.43613722545813
-63.56102794773491
38.88131803920507
45.115654604366966
-18.81457672546749
29.420949107502167
96.97618487112999
-65.71266054307841
38.013074503940516
40.97829900089812
-83.3916487274591
52.768846191602705
24.02062604241388
-88.99633817566101
-92.753931666738
76.7337951288444
43.39422726592716
-21.228227456061262
-6.142349488250517
83.07562878863212
-18.432635216534663
-20.924944287154432
69.08937062055907
94.89878789307494
56.480001312376146
-15.053453652895271
-85.59630703335537
35.289311776757444
74.6434991851788
37.10168126631788
72.83131341044998
53.04033191203729
48.83762803011584
-44.908400488814216
85.42675044937565
-23.231364116262895
3.5238313214059076
-9.984948912674213
14.379652998088943
97.63384980306239
53.29777049095438
-75.72945087479457
97.12999181170224
90.10145831040256
26.36396154032765
-73.08839722436761
-7.9785991823003
84.31992458472268
18.33652651055951
58.236854014212355
-38.51144481681019
-7.895039434028519
26.582182960720175
-4.498009031237274
-75.83695789249829
33.20874825733816
-12.256971457348527
-95.89073960289542
-68.01898167619007
-4.294486134014647
-35.45336695283288
51.28670674787216
-78.24805142589722
-73.45972102824281
22.49105426078755
0.3217753095936047
0.13160548207275724
-58.033425338108245
-5.051477445270464
-26.761060909665346
49.70508786513986
34.78064919336754
0.28264608207229003
86.4668173742848
-78.14406897004287
81.88781409638693
70.9127598596551
22.223860717235937
-52.91660741675288
-11.268433008913377
-27.403965933198762
15.684960090937011
-85.23793535689785
94.52954724179767
2.9736727419569036
99.92325275098764
32.38615139829764
40.81997448330455
55.24985400901306
30.516172832898576
17.00932105700352
40.84874678243554
71.31942607187688
-34.01681657091898
62.61160109762827
88.00308798566999
16.746563243429648
68.15716434041983
40.401736983755455
94.46673924271943
-17.030389476948145
32.28584330364944
47.31977186340177
-8.251392594604525
95.89854862852866
4.168072376372038
79.5155278025191
-55.20835092902669
-6.7911749143164855
-32.1378385218859
-10.413871778503065
-52.692596833795655
62.38614770196884
83.82531594378088
27.447253601337934
95.33527787270626
-83.87263351633176
-60.63173852202135
-78.19278243344272
-77.54315664590048
0.8988429188336795
90.43454812289141
51.395043952790985
-26.93339731148879
32.83635091345519
17.03715992585569
96.03961643709476
-10.21177402107449
-5.836302331368898
70.9660367837111
5.944617830874208
56.713191492148894
-90.47949019474865
70.45016359270974
8.619443571837039
2.2541698761369133
49.43910372168983
76.35188879557091
38.29775738638173
77.81308164704828
47.21274996114175
-30.22322872269254
50.48610644441598
-23.132539035894524
-80.9204235737579
36.22609859794625
-24.10627517724238
-45.16572537901411
-43.586631607731555
-36.739959880713634
16.375622253606508
26.175803420289625
31.427992503764415
46.42462569604899
-15.497226906652656
-56.40726958718507
32.53870834565609
31.039549667575926
39.660442442112924
77.73371771562466
-2.3695361060432703
-22.54635074952907
24.408724144588987
-74.37363186230465
-80.69093936674822
75.29821227982981
77.60222584155701
23.295916444302648
-22.241070838909607
79.00060482955084
-19.984360356272376
-55.04940605765336
74.59092509138782
43.0165776451843
14.477780061871755
-26.872219197365467
55.517848958424054
-92.04340155504767
1.3643951452210672
-95.25952661613279
-14.044725580710036
-57.19412656561425
87.31819194533361
55.962877359926324
-26.57422740946747
94.24203060538639
7.796827129449667
-9.631659541091551
-29.510532808408854
7.002691788346155
-45.01325829164453
-26.556706543704053
84.04174831427486
33.56739441210408
93.11732715067046
82.47573798838224
43.293265942357436
-36.68332348368302
-6.771530047801065
-52.04579739484543
-59.3397835316402
99.43402748801421
-51.53984500881206
9.692930843135514
-17.340686949414092
77.87304415782148
-45.173945771316504
-4.740335022154099
-25.146941222798475
5.6352063093433316
50.89243115292399
93.12319429441806
-66.63250760916745
-39.53371800692294
15.936872304911589
-44.97551549716361
36.42451948376481
66.13370022156141
90.94379760825817
-76.0423715645073
-79.01410659997505
-31.104362070990675
-6.813828615247459
51.84243222528221
-7.598908336212958
-88.35345700033479
30.231911185921263
-40.40772913631132
-91.59807612021432
-71.41474097836127
-11.75146725783496
-69.72843925165083
24.533395963241418
30.654214216005073
10.144652441766524
19.144027633066855
26.74917020562249
-0.4873680980962405
-63.05461647830906
31.215912592859667
-14.812771185834222
9.519218022214588
44.17453400781477
86.4651452096002
-99.12426451035665
95.20788844524287
-35.59394255576565
97.3879380941085
81.06787387335186
18.232333232401146
-57.879152154526416
-64.5027074395396
6.862737547814945
1.6096496291074374
-78.92971962999952
-26.898656828384432
36.90213334253306
-26.657428862455617
-51.528627139755926
-16.51181092747092
39.182138842176556
-86.85605387428276
-74.5460952171664
-97.03817577839821
9.815466285787181
-82.5085687811148
-63.915201717157366
83.77647603119019
23.739260785672855
-38.035184378638135
43.3101655534592
22.583024417256766
-84.1445018391744
88.28645650332757
14.257777405606802
81.64413143632362
-53.78984923401327
71.16384966392926
16.722959051483272
52.15250366625776
53.32310569241008
-75.63858601632458
-43.96455207173786
-24.524898271053658
35.19187789445451
7.054189858623786
-5.692840701243071
41.808847423004295
-43.54166368771699
25.15749636458662
12.036959113019435
-6.003157762300248
-34.89151212458171
-32.19660841254195
8.000258316464112
-72.70662737596129
34.61756062347638
-2.5728518806863008
-65.29557575417546
-27.788776551580526
20.4258860426324
-5.467702883529029
32.73807607972938
16.934971893045358
91.23533170287652
-77.70416444584299
-40.481441706023745
48.68011220189442
75.40635798977436
61.440665672541485
-99.40453548673452
-63.03886385517583
-98.51032887706887
-31.860713861357738
-7.198326391276396
90.11773379919245
87.87674501281663
-25.484491050433576
3.1742073336073418
-46.39134843237625
50.295727582283575
6.3385014124107215
-77.32014070662312
-59.806888484642194
-12.662885043101113
38.67137564575353
-33.38478167836662
69.98899104779912
-65.90928290455365
-97.27129160594778
71.79039161770362
67.82384811943544
-99.23663974504318
-38.97155362071989
65.65630136229078
-26.98984906533184
69.2527791787276
18.355184417659004
2.1658308722358015
82.74914567986272
-17.642603135280297
-59.48438535373126
-38.87426273202821
83.50817329094
-59.320617326785175
85.22253043571757
82.39345637511059
-7.86303297436028
-54.97646486324932
17.078865811121517
-6.809436646166262
-25.66372938656785
-98.16591764109724
42.28209724311901
-27.746134363536285
-44.60514951508576
66.25772346460892
20.453420907040424
65.17260235613833
-69.89043046594468
83.08492850844533
-83.76746395544879
85.18231407404653
75.32607837223529
49.67952043174125
-36.60781092000054
-32.76894302300413
93.79472930958133
-17.728071545443868
21.656100659761222
-87.76018517833944
76.71196935713687
12.339409964773097
15.066015638156685
-41.162795338341326
1.7418638440658327
18.300114503423586
-58.88906795756774
47.66747422897214
90.55941813482073
-67.55653653882139
-58.78315080938425
-91.00090654438728
66.59209887542107
-80.45099567763987
-99.4757407141679
-48.4480832505906
-53.84858014263478
60.05287859922245
-95.17709147312776
-98.29524865801038
17.43370674952409
93.76202361171394
36.41073895268818
-79.79872520337827
-25.22508898977749
-0.9463773573277194
-1.6980883987763207
15.844147034645445
86.28732185744349
-90.49221155718321
-36.7822224154585
14.163205461497625
90.23936785693337
75.40498279747675
-77.4723675813373
-25.05455918782164
-96.9125859638171
-84.45208020196964
44.83288806997169
-64.42671081657328
25.41348005192576
-29.13387289630562
-80.02439197149114
55.03453588856502
61.82948248006599
-13.793608368801273
16.362332934982945
38.90898069415053
73.45985650899422
95.88321203478509
22.415841864323312
89.14457063040823
-44.309752635567754
59.64675156548779
-81.90850795915827
33.89736596578729
16.24031205137753
19.45456299887016
-70.60640364830329
-72.0804418428328
-22.848533164084046
40.72116658830902
46.354288077815966
80.5783995161492
-69.30683386220966
23.066338642532287
17.00652627149995
-84.02221412816154
-82.43764374684005
50.426893849366905
-16.22893041197291
90.29675860834459
93.62466937023422
-15.586898644867304
-33.27085841686703
53.591635274295925
-22.204347645220082
-19.926154052096607
37.46492908299777
-99.73482030826398
-43.891793821752614
-74.24038867674184
64.22325466272102
-12.411048456527809
-35.05552027739991
-97.0476273780459
6.087081132655882
18.680912538275066
42.27756076921375
-32.366216307987145
-4.4222467283083375
27.31671801397286
16.67117797396915
13.726537149906775
5.227535171336143
-26.749162813580114
-99.66392733405911
91.95964389548394
-92.23137495780294
98.50697794897917
87.77565174854044
33.61810309510932
84.20437833987751
-31.291219354240724
82.04962681239905
36.317133541609024
-8.141929414128995
-95.41856231001606
-45.056540547966996
88.78722960214571
57.46670523355229
-35.11771070383402
-59.13100065904982
-58.930415243972064
-25.941732370498215
-21.867627333104252
-65.71609406494923
87.20898724641305
42.861830539589306
-55.87793239332499
97.24944019277231
-44.26288696751435
89.02540469968253
-73.61882859053257
14.116764695596416
56.062728566820056
30.46854614665159
-46.869785744124194
2.813890559736464
-13.703058104887262
-14.251695993549802
-13.619864344525936
-3.891322273803553
-93.19747727853414
-63.80777739565255
-97.56807290436855
-67.86559935533239
-5.338900180269917
-25.173687878170753
24.96912414820072
-96.09666887009926
-12.304895629420898
41.619706969407446
39.67371158939275
-1.0125750919920193
62.525742860242815
-48.93050110384354
14.869991244384224
-28.75368559200618
-68.40586938078208
47.023078827381454
30.153011928325867
58.64599086076586
12.037618724827624
-94.76980505303989
-2.9992467820917597
-41.745523831009045
-10.359176765164179
-22.94886951220778
-42.645729341045424
-25.354261354804123
19.722345630213738
82.4154787406321
-44.444245013591924
39.98700660149137
4.335808887620601
25.87820937634578
31.939030517876972
-2.0305464701759774
98.86985105074729
-64.7093638265912
90.11843358344746
42.053540750535404
-86.74507166725887
1.6547164209578682
-99.93517635274507
-15.553878248764264
-47.48081014263468
-11.11451669802534
17.157400604733056
74.6582726745857
37.41180461703354
94.0003691068211
98.55728115457529
-13.772748184187947
-1.7267950001322703
87.46789762545444
62.646277555388906
7.8150369200176755
-13.21005861312561
81.12539971464236
80.83647007361216
-42.84098864995005
61.60834265982132
-65.53266849535615
57.38528795376445
-22.46555533229268
-47.1053939263338
93.55693872309493
42.23031283837
66.87863900301886
-83.5911100039046
-6.531377915336705
24.69351953778221
-33.00206585676597
86.83670156237454
94.68640248761486
-83.047330710502
-93.2114801306027
-41.346036404996724
88.570064954506
-16.595052801912786
93.1813552213988
4.789734463142835
-79.59826660893472
-48.55442811604709
-31.147042772096526
-0.2738736654095817
-27.62107337949722
85.60521390370744
-72.92441120637203
-95.31744560693716
13.581767082875245
-6.143059590833104
91.33321232086797
-65.05964282760192
32.01912834534707
-33.92776431028139
23.7211967746279
42.87538296758345
93.23304398696209
-9.652408322284373
98.61105110141992
30.453993323185642
-44.35366591326548
37.850382964245995
-78.3592019687799
74.06773398737116
-33.35497562186593
-99.29355234335766
-42.2608268601282
-36.12727128223201
-61.96791932678121
-40.13624989588165
-86.02628964105389
43.82918035381178
-30.6734955281907
70.8788618136594
59.430398864246996
-23.271390395438814
72.30612068678124
61.833561797651214
10.972956399155919
-57.71686431637446
-73.7586704489986
52.14508221364525
-17.197683805595858
39.73203643126075
76.64310373644167
20.714530599036436
75.95713270055487
90.57772805943861
65.59354359514359
-68.43656768582173
70.89338705844742
-83.33189946936184
3.0077691594969878
-47.66994910277973
26.937916426810517
88.33632081796196
-19.00091595734024
-74.59111033246681
-15.576979538022655
75.04303645868862
-16.520351929589623
-46.459422178004736
55.97686811218094
-85.55296713297669
-59.961743823180356
-56.57515877250856
-20.760472939903593
19.642173340083716
4.5760562019230235
-15.537997860276548
-83.09434039633467
-28.016176188527425
52.36867295700111
85.65053565880689
71.12780588909132
33.205736329212925
-73.90555070278184
62.596953543015104
73.9288639927255
-57.68003395913483
3.816445104343387
-34.47111241338318
-23.536943016326433
68.0446883529736
-76.11713074465926
85.99878716573897
-0.9641265869575761
-82.96425872057003
-59.01653029890481
80.8618194542311
42.70670441693517
73.38657827481555
23.539521188905283
-69.70404674818755
-35.44666390328052
-5.520036044749659
6.525227000829574
29.564021824762705
-22.624692119279473
-98.61511487066666
-9.06599480845523
-39.948049538806686
-7.621409504721413
39.09937027151983
71.01580561810212
71.06973441949017
46.05580818034642
3.3916082500014824
91.02473010791005
-28.3791316716961
-12.031276653889321
-95.91825844285589
-96.16004527202318
97.70702577044972
43.04591718427827
0.47719017276799036
-67.1066749329403
-47.132743317057724
-27.361884951169202
87.97151602556909
92.67048040550839
7.582569943204362
-2.6606622990725413
53.92996961544543
21.91701919024223
-73.07891792128251
59.40249946078154
-78.24152319915248
32.798574526223206
91.71371862982141
94.34063986454169
-86.35991805903545
28.248558894139563
46.304467886709915
-92.53812502853582
-96.61994927618463
-9.383682664652298
-99.85403745035903
-94.96210229571274
-84.37415677432298
-31.146763229303545
-16.32862137925808
36.7461575922687
-39.92872704484118
-10.061889547804583
-45.114920238540314
1.948692054178352
-37.48794685463002
55.67759828470341
70.57838178495172
-32.22987327723061
-50.898935259396524
-5.834198536187785
-96.84126989885371
-69.25724573520893
67.23836783457028
82.60629401510818
-93.91899771021193
-0.8006765902924826
98.82324167889232
-35.900316866240274
-24.70502142086049
-32.36576509884641
-57.70617395000386
-99.68186258236106
65.49964942783328
-49.57075011311068
64.06226030043857
-33.62194725197254
-38.999282148573755
-90.99357212793207
23.11147625298564
-42.867207217633485
63.14315207061253
-12.763989797275173
99.0610190366495
6.16114885536507
95.94211902773421
-66.785991263895
23.485143523042524
32.44553123712393
35.41241630015321
42.96441615815604
-12.170578323660834
91.32809980080162
71.7956580320427
-91.59036150239399
-26.223620959053434
-82.73211240827047
40.03057188593138
26.292690126600988
-44.351552542332186
38.327287168413505
-52.21417262073742
94.81150567723242
-75.55575712669393
51.67265834072117
-92.76031107916948
-11.418758199301266
-62.56535998374191
-81.72213849448406
98.04633488974471
86.41172130087665
-3.748418100258391
23.68560798021595
96.38758582222053
65.58240672919712
80.26387306123374
-88.44040089282699
17.919427920433577
-35.882039201120804
92.8661090086701
83.36825708597016
-73.26699519343163
-35.43008230581373
-49.4695689461043
84.07839953637293
57.081938304788196
89.6630219278901
-14.617876351132338
-81.18868012476001
76.21684006459819
-92.79885519500937
60.13607313666921
17.864642888104413
-48.55665255116959
-48.79755341439538
82.70090497797526
28.408148712046767
-24.81688661011654
27.85591538709538
-37.45576553914547
5.82037172096463
-70.62673024420923
44.8046060856052
-17.878758884007965
99.09192689289901
14.252863739686063
-21.7218221428827
-50.46436192440773
97.83768634426829
45.09320995606947
51.62232238889476
-42.5913373012093
-60.93657999936806
-66.19558142423296
-20.136261245917566
97.68579159025401
34.5706132500687
8.504023106334088
-46.2577159281119
74.65863891599011
53.94155441127339
89.52822863125499
24.73406070125266
-94.48630788716603
75.5341205355499
44.09515961954767
-51.58850217889781
-90.46904208964452
26.23767165000781
91.84499226586112
-7.9059836766632685
-6.4754200648290805
-49.00678193054391
49.45237807313657
51.16262726240362
-86.28473394319778
63.898356161977404
48.08903982853235
-73.6630491402208
-69.01189853536376
-48.06731013376733
45.22083203828649
73.53447359759917
-61.31326772311954
-97.53745476314384
93.34936309268969
59.830380837814744
-43.42653144868947
-22.750639716621407
-96.4370584519478
-97.36620518637307
70.93070276212936
-29.142733754888056
-7.3191317129378035
-27.004343347670172
-37.46080688518356
-81.85047864128785
-84.78068535426448
-46.88452976316084
12.662017879788607
-6.58129519407953
-91.14280947826383
-95.09281487249169
76.64222047099577
-86.75901104524779
90.8096711480855
44.128599408037985
47.539424425072895
98.02115103827077
-48.05767923778062
-20.051682824939036
-97.9049584576527
46.379859754663386
76.30373775911715
17.8936937108588
25.50645158896272
-23.547544867074777
28.487485981745692
-5.757186631267857
49.26491758284524
-79.03430169462379
16.814193664534145
7.736642787834484
68.96637619525478
48.62788718651075
-23.105340902131786
74.80755334316856
84.89950589631599
-10.333019154438233
60.27716556678209
0.6941839766956264
-3.8417678230516543
-24.4720386325656
-96.80725011069482
32.40127035715997
81.46218603059606
11.40356779865563
21.547739828812908
9.527405747656019
-85.25631461335668
93.89969514760094
-27.72300790043063
98.23994242665205
-26.555973795016357
-45.26962809699453
76.35929074867559
-34.79893799549541
97.7871437209879
15.406198874173185
-65.39083373413808
3.9381603365417135
27.068915546726572
-92.99509099512717
-29.464421968735394
50.92021425514821
-63.33523920318653
-3.1322618956289006
-38.66976492568281
8.266645273934941
-50.18757597810364
-17.333769860614083
84.72204816713585
13.455879441186184
9.62667982678704
-75.78520728992868
67.53111340737473
-35.773471410706875
-53.446902133257225
-5.551784271736153
-66.45406746256926
37.385070477450824
76.27301701350132
88.01326805009933
56.96875731557719
-3.2152679007388087
59.97988836807144
-21.06351210274302
-78.67453995275824
-80.74285720970018
70.72963194828273
26.382631646452666
-8.543806824280736
-2.060576745540587
24.687476546214924
-86.18736824309245
71.53509436004671
-64.33381471871456
-69.62852034174223
5.386509281856107
-82.48479510157762
29.33530865128199
-13.157748875441015
-27.80182940655402
80.24221536579645
28.117178764522805
85.91405676864136
68.72250494312658
34.690037327298796
80.19811771434121
-65.40968031067875
-94.94993968014913
-10.912734378956657
-71.2255612314841
-67.16270584289873
-87.27624794865929
-9.567496375591105
92.63802715528323
-2.3244205707647865
-84.05239932723019
-98.58692584021695
12.262353418936385
43.56733350607354
-91.49052444541272
1.011235535174663
98.59200804209493
74.83616449197723
35.04194620134399
59.24517172450902
-50.22607807605743
18.582322446091155
55.82122565806489
-9.194703091566097
-56.37515539477553
-87.18918291620214
-46.83329351734875
84.09394279100653
62.90086567717199
-30.231221208191656
25.874184251054302
88.87307576475288
45.05509153418333
19.114407613076125
93.11624202217882
-27.798767453954014
28.867807985424662
2.740418674308117
-64.78241276706571
-26.9807376862192
22.476943050969282
29.07516043708236
-40.7813159834306
-37.59263299952762
7.188813290587376
11.28875141992512
66.52508352806831
-49.99130732589925
95.80202769554191
74.09239663788895
-98.17694355411699
38.93686219110546
-94.35897406457843
-20.97381362635673
63.31661378222856
73.98818638104788
-10.683006882990156
29.48095307825986
-55.63608289883446
-20.91984435848427
-94.39389737369677
-54.97293221940767
-52.14150109854769
-20.000224495715585
-26.14042717596992
-30.645563156698415
44.49168454912524
69.48638635808808
-98.0646901403289
9.806655430075466
34.170593235710925
-28.65364992795918
-78.72655664605568
1.9538387813944524
-18.690258930498203
-29.959015360830833
-0.27869616796863284
-46.016737104327234
28.884182417613914
74.37409942528478
-81.38784494381339
93.77506483313033
-48.61010204656024
23.92315770699311
56.54982481287209
-55.06486132707793
2.917312407032597
-31.89491539605187
-88.80720784634887
-55.13088382391595
-75.31848741026634
72.13638579887757
81.96441210810511
-96.95779030495395
-51.38301874897877
-24.158542737113635
55.452086218433635
97.4431355894425
81.06834859825918
-5.2171148907508496
55.70415442416768
-70.69997802311761
55.18055745411786
4.25850672366424
39.20301294426935
7.909428780340292
-33.150678784970225
33.64950472124636
91.64365871930409
4.149891968781219
-69.41810870080833
-92.2284958346413
-26.75892761803675
-92.3873755855388
-23.74975414724625
76.89858964612642
43.101530876035554
-18.191595415597092
-59.18672121505695
74.50766562221335
3.5245156829362543
-51.042111927489195
96.57554261894344
28.63932115522968
-36.954120791764524
5.5918181042036395
58.62425834775931
76.45483721985269
-45.504704356885405
15.196944571099351
-11.77617835735623
76.9519808508106
44.51258227331155
51.36318372696928
-23.436209005494433
-19.180569813219577
-29.654172420001274
86.47194067603357
54.83071537216148
-18.39980563394208
68.36508934452408
-60.3749582987156
87.76946686287434
35.51113397158588
-89.76628278041122
-60.432946899228625
-46.204881173000345
72.09638290863404
-23.391312440018737
-55.35272039436041
60.35582290728675
-37.17200462755565
-46.820040071184785
99.33535226636724
83.08258193568449
-82.1200622453253
8.371397528194493
96.34852547686765
-53.882247016032615
-53.23088337094832
-1.7524144226462681
-28.783643290328456
-19.210362591766767
-93.05642838425119
-42.845965992449784
38.13455330989191
-7.083650653766526
-24.79953116424997
-46.18904063761531
-42.84577776612291
43.48347602807149
-29.040646489008154
54.18713897637812
62.29418783264026
-30.777732110208916
68.0438529572994
71.54706669945705
-69.2058342608439
16.193994663958208
-65.86415750393901
6.512750918740622
5.072402929920798
7.256530312150872
20.920550478404024
-71.09638323173372
-69.56895908333303
-10.836671620337128
56.78239650044489
97.55482945053095
47.6827988385065
-92.46110624955793
54.62560051426732
-37.099205634141086
-67.90926178816525
18.219862696669907
-24.57531864943354
93.37349283397208
-99.39129478754948
-86.51549082607471
-34.17843619158924
82.06526512083809
53.762554007943976
14.695931996050902
73.33964523102247
-44.9210966803083
93.73192248007396
-68.64775354554955
61.244655104119715
-2.9342381472047663
-77.5163508757132
-60.332438244283246
-61.598500610357654
51.479137469156
44.16654890820226
-38.69346209153201
-59.53638281362481
65.37759308471348
76.82399326298076
-93.32538254387346
33.27451045448652
51.14045106889645
52.09190809888895
42.25234468598407
58.931958215927494
-75.95887374177259
86.11702097627378
-19.37768031529403
85.13493185835179
66.57944601829354
-5.605450504813803
-52.400197604612316
62.7969474778418
27.22959048998561
39.259750851646686
-98.32142853418044
-1.919706628121304
59.56263381404469
-72.13385932767508
75.9342453247825
61.826259001845614
90.15649108371352
31.475927608965236
17.8406562035519
23.776744301966147
-61.010852218659274
9.887899247891426
-79.04373075026683
25.123467842257497
-69.04921918623063
84.33249596244363
-99.59554528031977
63.22987023687986
3.704683738937703
-97.24298747712355
-51.80457083543726
-91.5140059434174
-2.2105426580613567
11.374369906297034
47.74314551333353
-83.7052190052735
-40.36343897468117
38.09899892413392
-4.083610297136204
61.24973619137563
96.2267274109719
-38.42410304213393
1.8043038372075841
-17.354500909395725
-68.59835809468521
84.88592931358153
-54.48065472250507
72.25816513890737
-88.95730126371903
95.34314968793089
-14.942431384119686
34.443250677133676
-68.25504361434255
-31.440166501601524
-32.35997218757443
-65.37058497184421
89.21390138991796
60.53816964755845
99.93366589054918
21.51449294443381
65.31672561895004
30.15204889857256
-46.79224227226777
-85.47103560774107
25.23046552099231
-95.67720562609053
-33.431386800088376
-20.495878799050374
-25.49188232932383
-51.55299531305004
-23.04540322042766
40.70709745292635
-47.30652655904963
22.399116778215884
-71.69917681860613
-8.112642176455154
-65.07313140925496
57.41081416379927
49.38534465897689
-65.12291692605876
99.62613647514976
-38.861211552477926
34.9068817720819
-74.06121848383751
37.93578952690743
1.2312239854064728
9.46991589694575
74.34062323777977
-15.460045665839985
-42.56782510923631
49.59014538468395
-82.45029148430714
44.86595486431841
30.48681579259039
-93.34380387373875
51.67402363493349
-59.523758848610896
78.37672759682673
88.79816172048857
95.19055536855097
46.949627064277735
76.872723090139
-2.8154532360506863
23.706425957666383
-49.04021822871019
67.67747631153057
36.214712652796266
-64.31445339835506
87.60951641505565
-71.48059472039876
-37.173081684789054
48.77893141361841
-35.57010459390999
-97.25181274644588
-72.61786638594714
-46.31479786941184
3.128642811306321
11.184415364442827
-26.308711194806264
-76.63856752740274
-21.347537212255773
-42.067219558174806
64.6449017852668
54.74314300261929
-8.1456756922544
78.17711290109989
-91.62959994677
-23.857634798520124
73.73424515482677
89.94819835096939
-98.96398968460487
-84.80901129699711
-79.05461315396158
49.08597516055585
-93.82489939875889
-92.48104647794655
86.53976030272449
86.34575330117562
-93.27668196607077
6.5199143051201816
-79.55498506912747
-35.6685690946498
27.317471917219677
-41.63312750654282
14.601401087710613
1.860425469127918
29.90618162671157
99.07811469608569
-87.82029767400259
-72.50213810174591
36.813690511340326
86.37431902853601
53.76017511966944
-85.51573138098138
-95.57917939038016
67.84226855198486
41.687244703576056
26.4847866671456
-23.51335090112059
-74.96512936668495
86.85526818662782
-57.22424995985791
-21.631365378699144
30.783847772040076
41.68980180258126
-62.042399037358756
68.12926509408123
-96.7525589508452
-2.6358548177936996
46.06305887922949
10.28208962942783
-67.31171110389317
-94.68646726051746
37.93089405218308
-0.31118626102086466
41.75482506195337
59.568438438977466
76.39102147225802
50.449809127801984
-22.14966695701888
84.95184502056037
97.78274684782895
-64.6865798376935
-84.79719596385746
16.333800572748203
40.89411900260177
-91.90200795581715
86.01358948897263
-4.0037856019096125
-4.94783796872855
-76.18140533834479
-71.97383994902759
3.23445612349677
69.58428137131312
-19.52340044421004
-40.72299806635766
-99.66308811727247
97.58338294063512
50.83942454285818
82.72788417629505
53.44064542364876
78.60005557370624
-64.53507451035243
-38.103535984121976
24.91845035451381
30.37967487553709
-97.9445302652852
-72.97184615710486
-2.2916238410553262
-52.018468821296636
84.42414193073984
78.99459564345304
79.1462800136297
15.744694004323463
19.826577080340087
-92.31302321278957
94.21035333009871
-35.111039933937846
-86.76834979359045
-64.3958152148757
4.530998735983843
89.5622398827019
11.660932404547111
43.956413096838475
-17.021978666815855
32.021438051169696
-57.85956721338461
68.46959109976635
-66.4659113286261
-20.361015741738342
92.64116813317284
-48.070986715834366
34.03701797793829
81.10817631738772
96.97165115818677
12.021195428938356
-73.7510200539522
74.9398627578199
-40.636049200848426
58.91278351454602
-71.53890960131504
10.482504751702578
-73.49210191030969
-86.834022629512
50.00319449462958
-98.88033124330153
22.292730181501213
41.66587970159904
55.70197563997803
-61.448215706420406
63.670159587854954
-10.678815940658737
-98.69439554978487
82.8252727183453
71.23547058418285
-41.06005628185625
-47.01603798730696
78.58384550725717
79.72928761595125
-94.26884817357892
29.371596564705044
15.633426021706924
-46.953492263026185
-30.878923138320033
76.56538956110279
-43.81747407339252
91.23466636836272
18.19027106253452
-57.77611882866815
30.2301199099401
79.60693379889148
-52.80153033335466
29.414024881367112
81.66351170696214
-18.427207587865297
71.32244640579606
68.5076531725561
14.356998107069359
95.23919891869275
36.38477690064238
90.03854509929928
70.12633437894235
-87.44830212623533
-51.842409027749994
74.06390361194596
-32.54146126777245
-98.69658289473134
-30.064917250770563
-75.87441922633892
64.76579340556609
7.535773577503363
37.5979310768229
-26.286002557753903
60.452078104329416
-68.53773076267152
98.99946411532264
-80.42931807098832
-27.185402537119657
28.185027672089433
-94.5740433959674
36.428049654457624
79.40363289540952
-47.18042897161687
99.2807406651473
16.06570207380271
-30.589692849501503
55.02648099183665
58.165646502492194
30.801210283475257
98.10466371213741
63.746448479300625
39.70667083515352
-25.75482445122435
-94.67298229535331
-44.30911408836027
-17.039355781589748
-78.2498374146075
-79.19475126338871
-31.70070836995076
68.3034670649329
55.82959736395975
77.49545010492994
-79.31970374470312
75.58887306444589
78.08937290203829
-60.08353031934979
-92.55412198901732
24.285268915014214
75.84036481218718
-18.093280931422868
77.28038395115135
-27.79136760935856
-89.71975500735525
-41.57209021554411
17.0840929043693
65.1961450131684
64.70241340277053
73.52624074591048
-22.977554906514584
-71.23483838589837
-64.17205826484415
38.35582561441689
51.1346660068624
3.513972941296558
-82.89533868607195
15.081854356851338
86.31554255793864
38.32374033682416
92.11778665454128
-91.26609375809917
61.301732151928945
-84.80443245440932
-13.114733372215852
60.627666293384664
-96.97544415561042
16.49112651743478
-43.60924968819499
67.13473851671964
-67.53716107358272
64.70170190647426
-42.67277985353706
54.28795596141737
13.738387389700563
-99.33247297711274
-64.21302253377048
94.0148602190759
-29.635726514804546
34.597629630173486
20.76519564124986
-51.6831958267181
-25.46881342355907
-40.641309664013534
66.09270350431501
-66.45649278635639
-72.54439018501671
27.90586452925467
96.80794234428126
4.474309948656625
10.182227879185575
-6.25526142083082
87.0769747760518
59.572288954191265
3.95364789119499
3.3255028333104093
-1.5003380408946185
17.49278836835677
13.516825866737719
49.013230510675584
-49.152350112902795
38.300833708957384
-35.98657495238504
85.61043043500482
35.02811285848918
91.1061960619179
89.03828384689362
-26.187027603405483
-71.70712047186373
39.410701336366714
40.70171941291011
-66.19507968886795
85.67677019056907
-4.442191438460156
-86.41575501357106
92.66137280610414
-71.52961254939738
-90.99782390980748
-1.135168041722821
4.7492332280767044
95.28417008020139
-1.9671968549558159
-23.440673025174746
66.71927170447859
-87.52347960395545
-40.75304133024291
-16.526696245138453
21.83252519995729
38.8231034178599
68.21511941048607
-89.21572766181158
1.2397344324396329
52.975123630239494
-98.10774386740286
29.456346839970934
-11.468278937968222
65.80089332843735
44.65784009502411
-59.24136057477778
11.521667484673245
-51.34985672408927
-54.31616930367531
-19.751364045722568
-76.18089211904112
-80.20814736083315
89.22386908224976
48.36442804165364
36.657464861397216
5.929601515197874
-24.03597402455462
95.8030776607057
-97.5155478199708
28.980215602547645
-24.71160331019844
-24.968745128853456
-70.07642875883727
-67.52605692807029
21.84640599369385
-95.17697527738113
-37.654013871672774
20.573175597295318
94.17058072080835
57.30456093144983
56.70417640458521
-6.877910315566481
-56.026515223540116
5.588089751054071
-59.357707428477326
-17.79926227386035
-37.27626255071637
22.527560158242707
-13.326450422467346
-79.92051899615046
-6.866428868398501
-51.286351811053144
54.66124961826097
-17.260354133197836
17.140422139123856
-83.64119127456478
48.906107400355324
-57.1455643178675
70.43038834860675
90.33118003712255
-71.16991148973509
-51.47434211823967
79.2244839108439
83.93173860939021
34.099739934414174
17.659826136892917
-87.19273482323419
67.76968355168546
51.404106463413484
94.41806048372004
97.96118854340574
-20.765149493103237
64.71596338926432
89.65247916583007
-9.164506308879481
57.16611690079725
-87.5506294278615
-95.02400943329958
15.733518964126247
-10.02537180046292
-33.421175193297174
14.099057972680896
65.49198725163421
-66.68388611137905
-87.92257599659435
85.24805862688228
98.48131071556352
-78.92464493004319
-58.38849980785259
69.79810286919778
-57.737191166802646
-41.65627654367003
54.82711916258768
-51.58352559265897
-35.39162302031929
50.175527733203296
-59.737848867320295
65.7862786704265
-89.30539008603196
20.340014659212898
-26.442564241230215
-5.164468555938328
73.47595877495542
16.116785827684964
95.46557286662795
83.20849590547462
-48.6233482416865
27.359680151499248
7.806501541590222
58.083506013780095
-74.58899305644904
94.2714153495738
35.67648560968516
-51.58799206234181
45.84434591560239
-48.32983421048516
-50.465302271672826
-85.79259300219628
-37.62162447867781
37.65686664092186
-37.26525420806182
86.32452759804247
-64.89295747456416
28.491552647879047
-16.420896995026382
90.7730032333952
-41.66351708099616
-18.685895071269655
-97.01682050846252
-1.2868568221569916
-73.16864434827694
-98.07191459597114
87.35867396511364
-19.970704878718408
0.6073456976397438
75.11622080803312
68.38594222307461
-70.20938785926494
98.51224471961996
-23.12516933421776
-25.770761111362916
-54.12109555363798
99.99315761709948
57.11726130651962
-75.36339119710303
34.00534982336373
93.11708939806871
-2.765426564615865
-47.234260778374406
-80.543771387509
76.00045684475418
2.002475523273347
76.8490434987207
79.18238791752853
-38.102458582767355
92.40444363955044
78.14825861855758
74.15887432410321
62.71424146494684
58.149856540563974
14.461397694064132
59.168227058672784
-10.221351207067286
33.58994491234719
-28.91117964127021
75.30947599380553
-20.97276386146929
-59.94355168567138
-17.403941425216217
52.853960611382064
-98.95959605063402
36.544859430386595
-96.6368559631217
-27.23406629454675
19.120879895983876
81.05009441239699
92.60147102877556
-21.648202238324913
94.15140296504674
-22.67901256451721
94.18358209806604
-61.15142786252539
-71.54940661857081
-84.95476199131721
99.33148638528061
-22.938732079958825
86.26605097163304
-36.51607704549995
99.60124633605187
22.75708298319914
5.319892636840251
-20.537945455586254
-43.55189323221349
6.055216293957628
22.836784109490083
-51.1401559831439
-18.14286866765913
-65.57667003150314
98.0518092137815
47.02070131839295
39.25793587346038
24.317368581569326
63.11758108460549
-69.06929041599179
4.854801162045419
44.557481982153575
-40.36804170838146
30.351320213527032
-73.88822915703777
95.61128880924056
23.922143252879806
12.178935141671118
37.96953533736095
92.61448284749443
64.38956014086335
-22.750203866884533
32.63066384861696
-82.44197801131428
16.37200303607122
60.19821986819096
-90.57230365375585
25.70136201169582
-28.272828302112885
77.93832139354583
-20.68480657980112
18.95924281940573
78.4264242754225
7.110712812113974
48.66915229419837
67.48031990822798
-79.52323605461766
91.0569874346144
-94.0930902970837
53.290398740027996
-52.79578475928639
-76.69194006655113
93.03596794031043
45.127860077558665
-53.706911984595294
-95.50847546581824
7.136017740668052
-15.186892434506461
86.85867381422523
-5.593300125377169
21.856383978589704
-76.09583336506518
-57.909269334680566
-4.411290879989906
-66.25872163992773
-99.67476621177103
-95.40535065668658
6.448272254535254
-6.624308761769157
-19.75287374492136
-44.54526313997849
-39.63919019320434
-88.32950955547963
-44.48435745710382
91.17325745079765
71.47011526810297
-50.98545611208045
-77.70673208981098
-55.851409316259584
-95.09422105023977
-80.74767374626812
-46.42007004687032
95.8650196031922
99.43780667104014
86.37894590856183
60.29667510285296
-34.47677433143177
-98.81344357840882
-90.1399055375347
5.430266525403368
99.28377474852405
-22.035087217640978
96.58883778915387
-6.946491840717627
-77.18689791797274
11.098080550733002
71.03930302716103
9.438376894225641
-28.722653397803512
-77.13909766168491
47.764798801530276
-68.24072442764155
92.38453507389633
66.01056237889173
-27.806051273351983
30.789458851797633
95.01490645664256
-32.38137787038538
-45.88021052127929
-57.593960218838006
-60.30899501538984
7.759036809612667
-5.918290092785881
-72.95887873684296
84.33331909365685
-19.8617242528818
-58.70760338074496
82.51139950014473
10.613594566687865
6.277137966586352
21.57088046843134
0.9678141409647196
-95.98167585806866
32.24826385223224
-29.49062426667956
-83.35781060714615
48.72271398583382
77.53877807871282
66.77112029821907
-55.7965137353579
91.01443578304361
12.541674411765129
-54.01326681737331
-74.35359602273068
-79.99061807570735
-20.998499985945614
4.740359580312642
58.47224762326036
-45.642886753448806
89.21372496835511
-65.4184380639719
7.21952440272176
-56.53214912207112
35.087815333088486
-16.072130848053632
65.10147388111812
-45.386421929462074
-44.31201412783765
83.3981839811565
-1.9782343578053911
43.68982536721907
-0.13907946271814353
-58.22446562124928
32.622630956706274
-86.47127631147309
-40.05730732069013
-14.96201103298931
-67.42118065140602
-79.0409764742743
10.077710987986592
-98.68654732910045
-81.12972442098885
-27.70230024678611
-14.986236374430177
-96.21682259718405
-6.0920000725847245
47.503720732801725
-68.84395906100889
-74.13091820326486
-25.27623459117349
8.537816276822241
-21.80282913378855
-88.48812138602173
9.123317883322102
-13.302769616929695
36.94322313088847
-75.88663038299441
-70.94153006994767
-66.48640112526212
66.88748866112869
-52.664741874676224
-87.62028600525332
47.45109298969089
71.78104718229224
-88.5320937590925
57.16298903096367
19.068029219723257
-94.60935248155624
-46.17123089299589
-10.542179228781649
-16.0127571722184
99.91808665017638
4.427165785389775
-58.24790760703662
13.272179892339736
72.36904552092281
-70.40530091808921
81.29080940562216
-50.03834280257604
-37.30933189943917
-62.965899660089384
-90.21679825194913
-5.191181557073762
81.85641491417036
31.003427061235897
-34.91176963851153
75.12519893427105
25.45986739388377
56.74035823681811
28.904089974621428
25.553810169790125
44.99897913476627
69.5892134498057
69.49788526727858
7.047663838148637
-73.25702377361822
92.48130109112063
-17.243868580361706
63.91636857793134
12.255329699000029
-69.2148857625013
-24.520464953824117
-7.503622652658208
68.8656791530851
77.11216617524636
30.431396639957086
29.307501301656288
98.5195293564976
-91.89843485416085
-34.62314736506282
-26.43316687386303
-41.734593045616066
91.47652180913076
77.39717825669959
5.7355742512372245
-40.064982607402676
-30.13201228687241
35.66604514796168
57.666359265143285
46.458325534758046
-67.41819305594169
46.79494604352803
-73.67344773164186
-50.40707579070094
-17.799369844791514
48.318375770960984
73.67731960351387
-63.7029546901267
93.77885227863842
60.09269353594328
47.38791590413257
97.65958552330997
81.17948535778848
-92.9439888017981
3.5803756999163596
-62.152249902424
69.92492036270036
54.671285526998474
-71.33253445015282
-88.94801407644202
-56.09839142792279
-89.19415615882309
-10.936642550253637
6.997353273768709
49.933676795569625
-19.669108332807866
-60.91996720597515
-51.66342385867837
-95.09836125424798
58.55835579567142
23.93272315637718
-79.16913573439612
-50.080515886737295
89.0114784144111
-51.41356565639996
-99.15152143223732
-46.13535294734452
-33.002102395325196
19.69433451264078
-76.11459941420564
-93.86234205422417
48.21993485536615
-3.5053411890502417
9.118664686996581
17.35952209159393
-95.27446372711499
45.04008975465226
-21.54694801533337
-8.898460538729893
-55.37200526114327
5.1137066734689824
-80.08054359260211
54.65034647384434
-22.44880714165238
45.692018932946866
-45.37067892631874
24.081091090264977
-11.507077713072064
-87.81232263627965
-1.5594315561144896
79.58651971238766
-94.70735915960549
78.21331135798539
27.168462316996838
-89.12679250310644
17.86360525760709
-24.730780981257226
-60.33648449368858
61.603762404797294
-11.289120571348406
1.1710713172873142
-26.934814158134742
-39.34953934975902
28.20496275326306
-80.88124388744498
92.89401353960352
-71.20562126632204
-43.67754743425954
-22.455554510120663
-80.502280220648
68.87011271505247
24.887570892509174
5.650169492220172
20.27792762273141
-69.7157217511197
95.56956777291748
-27.266879252867795
61.440781002388604
-50.91138800502233
-77.41836255983551
55.03211606405904
-48.09701815643108
15.145483074695548
2.086335602998872
-63.48551964049911
95.50059910730394
-32.14977041582283
-1.6433564607082758
82.56189279630462
34.17140535421345
61.66484412637601
17.114842167452807
-90.19900524535453
-74.19419595372014
-50.33826036545117
95.47051087016712
-58.344690289184655
11.982649182359665
-19.256265083834776
99.35347538294323
88.93865236814887
-8.87167121873837
87.2358042705209
-67.43349260664351
56.04508409666195
-22.30663667798774
66.18938422737745
-64.87817622867442
-21.986241440254716
-71.66477934488931
-56.937453908823656
66.61879399704941
39.32213970176505
74.05551765690362
79.23279550093758
-35.27939963057763
-42.202529673537434
59.456389759700016
-38.8425741616194
-1.2564689186746847
88.94326446251443
70.63235116829941
2.011321167817684
5.013870078368171
65.28405143591144
15.486227174482622
68.74052240515186
-44.41342746919219
-49.00304624301637
-50.834513172812265
73.20847879189466
-57.92361769092109
24.407085941631124
-40.55858138680699
35.04410514812014
18.004903532198924
-14.38009743661533
-6.168679645783399
-62.32885450064627
62.13749739752373
74.77829888999437
-36.24689292721654
-73.87552772640376
31.07196396018378
99.66117673860148
98.58894101828889
61.053757381747005
76.36941027101767
-17.93311115319156
2.6381770729009304
-54.589421791958095
61.955023890253386
16.2220558473732
61.17055524872839
-3.052733146199401
10.855352793112715
-22.77311136394711
-33.98949760136421
-1.624846913387671
-96.7548969988783
-78.48673933403798
6.878266132078892
96.85812492801023
-26.617284490245808
85.70482381759103
-85.88030761115304
37.07081457148382
38.19990540193885
82.75488990550085
23.144799100630735
-71.43902629469956
22.621803461688046
-67.69711211162243
-7.482716656280175
-98.50335940759558
-74.14582541799228
-82.20010534919406
-25.71770224918896
-97.81216356624478
69.06891734897673
42.08206858384489
73.75001307093245
87.36559065686029
-50.0415852960209
-55.4946063862707
-26.24408310790109
59.85540484612926
-69.00010536878113
10.481942476231467
24.21287329147843
-27.374643899229085
-79.86752313117358
75.2086891495349
61.893057603438876
4.011066041045154
-62.583889873678956
11.636878299722426
-33.29647782222473
-4.090053314121761
-12.907679667725702
-48.028274491210276
-1.2850168475119403
20.625003688772892
3.1988268636191606
-84.79554218829162
-0.11377508368531153
-49.817343026808445
-64.86738706656263
-27.03393510467758
-5.831153071253709
-47.68769467081175
-85.72793150796596
41.0765680245938
15.333832666713505
-89.8433257403416
-77.8320091808019
-20.347892694679132
60.81256154940027
-93.59524291956585
55.59675618164374
75.05174695191684
-46.20857871997477
-22.180028081558305
67.1446931669488
78.45600484240214
54.37946773868259
52.29694838405808
66.99672881321405
70.22534586582742
-76.96467115324997
53.71993367332499
-17.807589007965305
96.23520396766904
69.20727490451881
87.82965522665043
-51.711031903168035
-24.537804025308475
-99.26697070767072
95.38986520434779
-37.67467776731574
69.55008602090948
46.875112063686345
81.82905374839947
-70.60453889827994
-9.83361009453128
60.94954973393098
-69.43910267366029
76.44271074817738
98.49412650536436
38.716715126424816
53.97312888669734
88.82051307344346
-94.1913566702208
1.4651306260725363
40.07497434761606
11.596785746597632
73.79645025956864
-69.56805736810496
79.35970988420482
-39.96229644209115
-12.724126288267243
87.14546402994088
-49.82707836264224
55.46899509928798
76.80320342581871
28.377609371255744
-99.99290687836522
18.459393746684285
36.252404993017706
-25.195101981834384
-32.508844792497115
97.16142729166108
-68.16032646000835
-97.06350621325137
-14.72459865219588
-54.878999278137066
68.06363612711323
39.65952907654412
40.8390401411674
-85.83451084414331
-10.034395563443098
-37.44168063627951
-60.438106717228756
-91.5615090867709
-33.06190913000977
54.569269842743296
-31.401928589062607
-14.538199041454277
-34.38174634464947
-13.752943585569668
-63.71617595007131
-54.728758172628275
15.960852635490014
56.07525787871609
89.45147659309927
60.12570119724347
-94.17096197206796
-14.619468276739795
45.18988133407785
-15.05748650751002
-39.91029781017246
-73.48325653634606
82.52523620294576
-15.78371354978816
-91.68224917878476
32.45854643347707
32.4413941933544
69.57840095237918
-99.32305042066699
1.765903735568969
-78.27687852789886
-72.56855497165972
53.277537919488736
91.81296649215076
27.36965068621248
-53.4892345996727
88.14418912989547
-97.85832869328843
92.04856586534643
57.1080875309265
13.716138329079982
-26.16716704512652
76.15953772325645
88.8279493575547
6.017889820056027
95.03959518257221
48.41931663532338
-86.10200333277598
-93.64126569093388
93.77048514278613
-52.18775812866738
8.581336372782019
77.78828102799267
77.00808397095858
20.80967237919647
-60.32441938911188
-95.54642540548505
84.18158091833564
98.2982764406953
43.06998773728964
-5.360557744491132
-74.2322813342694
41.0570896831984
-13.710902838972672
-64.61457145179297
-22.43295026956085
-95.0352268511476
-61.45471626110479
-95.63497641293579
-43.640772156993975
-20.015500751415743
69.58892023346644
-31.889947580199404
42.74362729099576
-98.742539936105
15.015834374305797
-1.6978747093162099
-84.78382790767058
50.878021925099716
88.41340858347263
34.77600178541559
-44.42084543357001
-60.52669048377102
-92.51827484427122
-19.456641127695832
86.57936673426448
-50.88928513776476
28.764949107753296
94.72051723735797
-42.48225388614693
-60.17158966726874
10.192932064212727
53.63623544004571
-18.47810135617698
-72.38661520698149
78.81364338407917
-57.98914548287826
57.58153854167972
-72.10823478359221
48.021418390680424
-88.52025547071065
93.69249434876238
93.3536449281091
31.35770720920391
-3.7399007827408752
18.16646166096723
-16.667304471050187
89.56041644779009
19.301426849296462
39.9253146989015
-63.46573446722754
-96.28253627815668
18.383371841129986
-26.289266282291493
-36.049627373657
-91.46428216103313
-10.627668008129334
-1.1365966070585785
35.28061110144597
97.22925751030508
-51.018858550951826
3.317945148855557
55.40051682929388
78.82800984001588
-24.16988001600258
59.196531270089764
-18.13619408384797
-0.7701509165579665
21.03383372106795
-51.51347748798691
-67.6584014433796
-49.1052539359148
-20.108382227380588
-5.756808624333075
-16.608773966150352
-9.73902702248435
-51.668841171909264
60.26498909604939
14.24124091310695
43.07951981144694
50.27541672881239
-60.92418046853236
4.5705154297220645
74.76911326963452
87.45562586656797
66.34563233194478
-10.006812242524347
33.49829989561965
-42.30561640178638
91.29019213074781
-50.21855646143916
-27.441868223957215
77.40483712961844
3.2786645608598946
-97.23437959568966
-43.82089141871708
62.274113120709416
4.046955416036596
44.50427827850848
-26.808173782264788
31.30099349979406
58.00273817172439
-23.001836972885954
-59.585689479371105
-21.442633216060017
-42.106709210034495
-10.838802765999418
-46.37997354736638
67.28123394325672
96.76494307271918
74.3626004764296
33.23822725748607
-35.262285280129106
48.94061408929193
-94.04131578170166
-33.18548566680913
21.694693091806386
-86.73434820569945
56.341253243438615
-99.13166502045567
4.632301463166556
56.32225749860004
73.0718114587491
56.90010257592414
-37.30206824242073
33.52003878685986
-72.71456995535834
-83.73681138112363
11.561265348044117
22.54239688733341
-21.844021229275512
-96.46228874833815
-54.267842532921165
-8.103825141136213
53.3610762742795
80.92645221534914
-11.091427751411388
-63.17236077870645
19.485398430862034
-62.57359725890963
-32.3907219002154
-2.7595455072507775
52.42309457292572
23.948493876295828
-35.76528478373085
24.994322013006027
85.35746076660195
-98.67292057326335
-7.998300676436855
98.42726299373606
64.81639195915116
0.9160621872754007
-85.35458400361892
-83.84769428580006
83.19195863798797
73.55041520731135
-22.526474108891634
-70.37999367759713
-76.08220867061854
-21.37146062186966
29.641419599217954
-61.83271941770392
51.01133701982542
-49.28127617910689
21.183154237510067
-33.813823681287786
-16.862452005298053
-79.15029668789802
76.17319802598644
64.08404516303244
92.8257792045147
-77.05400464551752
-46.165457598091784
-92.5458651602372
-46.391546333461434
49.18920840376316
10.026205688697786
39.62040893181481
-24.89715722086423
34.235787588232
48.78935573095481
-37.8022539762859
75.57329122107447
16.900309119020918
98.48874734152463
85.07862171621068
-54.96275646502451
-95.91693450143619
17.2614642106075
98.6275565580649
55.48958891333157
-61.45942298351259
20.94050739173194
-30.260174551430666
-32.95251366768599
-12.121136836575857
4.8779637826940245
-44.77524937145559
-89.65057589975392
-67.01115934448427
-97.20696138511526
-74.33636881620956
-5.06232527575294
91.49544429879728
-27.34544207484724
-5.129851149707349
84.75831481226902
-34.02381004889739
12.509372070100454
-75.16780902714729
-37.893162286942704
-6.605768035610197
-8.60894914580048
-58.836287178512016
26.67395376185995
36.212123959697834
67.95239685171975
79.4962834643969
-92.80458508706673
-39.30702738059013
80.94892912387863
-14.717457506276801
99.34216453886282
-48.781894693253804
43.91345754828481
62.2707341786429
62.59424880151141
64.63331074756135
-28.66626040975997
60.967161005055544
99.61249452279137
97.92165472860793
41.727784279592726
-25.404169988746744
28.09089653064757
29.21789664137927
47.418225905999066
-78.41477595726369
13.593974668131281
-91.49533075426734
-1.9898729405455526
-57.431380362642145
80.0153178648446
-60.954553607736074
-56.431266105692046
-3.3885262681400405
-89.76296592044291
44.934798904002434
-86.04149902107454
72.38834090687442
-13.864983150412712
-86.76681793684617
-42.89161748319066
-0.6539336272694243
-63.194684714181015
72.60369462067939
81.50979488001363
76.39959423041779
95.97163090872544
77.1173340889863
-89.81333503815405
24.830188377937603
-29.4069844790573
-37.16253596325751
-43.47251279444828
78.75275830501843
94.46642140473776
13.019103352680062
-13.408814434336861
-86.08179649050733
66.51706938208167
-50.24337648140782
-92.96431146963377
81.30522209676045
-90.90504856596232
54.86848819218838
73.49583295553154
83.36138651709445
-49.64362079835893
5.8873045899501335
-76.4520107862058
-9.077280237920363
37.12007010327619
-38.24220616625125
85.04860614181072
-39.697116695164894
33.774145303997045
24.016859816564292
68.80069032721423
-28.75549337196084
-40.46364361838422
-38.01965459412058
-30.622567113118194
-57.21498933448841
-48.76456005823899
-35.252738103869746
79.51080307989767
94.01192660796741
90.0068815029397
-25.971677345812267
37.354311783825125
11.602905511551981
21.74683546603697
-67.80026416450625
50.8514466531135
88.91587655079712
-33.43992419326882
76.5726198407294
31.497619073350478
-78.86545799668616
70.65502044010881
5.176182628487297
-54.22545864252663
13.652342967668346
22.434588176959352
95.25827438248777
-20.848051173997902
73.81373792914272
65.05788021335567
23.87830312809649
-6.906376484089492
81.95964608183286
44.178320257015315
-28.630847341039797
-30.08002294828846
-52.1769767066727
-35.63362755746854
-75.06852756019452
45.99369657404554
-43.381598184623435
-51.9892566368475
-2.1903866742370752
19.943472651420095
-25.75916693975371
82.01235614818324
59.959426504229555
-36.133955372703184
84.8986356070761
25.07834127678214
-77.6595997875091
-79.41882041947264
84.92809902524422
86.34502672236252
-10.202386955644954
19.863337205621207
25.586165225892273
-97.92223376710515
96.67910818770599
39.32059572124811
-56.1750353671882
-36.981741475696175
74.04130184300226
-31.01978092638913
-64.76018881805676
-29.864984906456172
20.2565788693839
-14.747078199822198
6.739514574290524
95.23880014949367
71.62221915424007
-4.442910080102024
-27.6345810522229
-64.3373363602272
-29.69544440996539
6.978435751477406
69.0340920247306
-67.08601884225256
51.129174979103794
13.37394640963656
-85.67636022112606
85.80040702621113
-84.03910605340555
-74.53379732326913
75.64202094150886
54.76068158791867
-60.32360629220632
59.798954160754505
-4.622924487467486
59.79923634069161
55.862786014372915
61.480698049665705
-38.35324583396129
98.90443183928883
-17.964833653316603
17.478162062870368
62.79075069183267
59.51417925716251
-88.848308185528
-30.0825313073896
29.34346279594024
-86.03930967732659
-28.899243501738823
97.25390517692779
89.5668853950221
-10.316516836304828
36.459925262256064
70.89145325250635
74.5780268665238
-25.216515780810738
-45.17501710286616
-59.6024860266257
11.257496672258057
-9.614923300145946
97.66421711978793
3.477418079458843
30.780270801576876
9.552982497544264
-99.37246468291896
29.434659073837565
62.6555114615056
-67.01052554396125
49.50245869651343
-87.92247733842258
2.029016816841647
-45.86695591543417
32.75102033416866
57.70926087772031
-42.07862010140664
-61.64925654029905
86.21037777255833
7.104060030697838
35.83968523397991
-74.75205881229323
24.43072123544765
-88.75513295993282
-9.602115190102964
30.926728554965933
9.758748736317017
-34.63720111542072
-64.92872829395691
26.090425926813012
-87.88660956678919
48.18243209987975
-54.05688144173586
-89.13261777644973
-28.852688735134066
26.922265430382694
15.495045238495095
-84.15181844111535
-76.56971108148429
49.81524602024217
-26.921822825381184
68.0821939415273
-52.01919950840359
-22.343993289249326
-79.64237800867392
-90.32558857585076
40.237259502680445
33.69566336584958
-89.49089733295061
-66.84819079350343
63.16845215174766
-57.795316963228615
17.997204800152588
-86.17310612256304
35.73009038788106
-95.2672513416235
-34.77348552961104
6.871873611797795
13.674889507513498
86.30077887434322
-68.63749318709769
-48.22366955509785
19.085037115893
43.51086305901896
63.54019511950324
3.90754644557245
60.547569356608875
55.33476708010261
-52.175522887956106
14.110056335219909
-31.723279577836962
87.58581106971525
96.16078516106003
34.13048230735001
-53.15787288892007
35.76699297839261
-60.66462642437387
-5.593001461066521
41.82115998907037
-78.18606554765273
53.67760306097398
49.662204904324994
54.42402871399557
12.585916150746243
88.2886318101989
26.13557802380187
12.022430109035227
-13.00174186189264
77.27473389635236
-95.81962456572741
-3.029495955037831
99.53910723317446
-59.296896717057514
-55.67321156620957
66.87833411513108
6.773851231869116
-21.093038966847914
44.21531806001218
-83.29474308721305
-25.503744527283303
30.54576088275732
30.62361443963505
-2.7129194165852653
-46.53481123194374
-77.95913449810364
-31.091370425568073
-6.809269258662624
-2.857749547389261
0.7544326642657779
76.0291742546444
-12.904910648556879
-48.72817513908112
-13.131341119886656
77.73333622121595
-11.45562856969731
51.679160041566945
90.52707543349251
-32.44632598142539
83.74078227919296
-46.66516741215201
-6.4275119906066465
-69.02812003365653
-68.4776887587591
31.285382912572913
-77.93892648218193
93.11135633742705
-11.920792327857939
47.648385830409524
41.17772496182647
-42.181880204805736
-86.03025700324586
-39.30695140864921
-48.355708639231
88.44208749550603
-18.932771630086222
-48.15027245795087
61.94077586590413
61.12512778265079
-19.128097878757117
8.774513177540882
-0.554389621772728
-6.147485975099514
-90.34961895775422
-93.124802126145
-65.42976887543534
-46.568005488076295
-52.312981850155246
16.802140987835685
-34.40434562154809
80.40447333167677
-68.85563750529202
81.81339065321066
5.204020684077932
-21.7723830286114
27.515163538170512
-36.41312355889623
20.15404067651221
40.113055039863724
86.93882559672721
39.262863595574856
63.336225358841915
-76.18847810130961
34.64652055396513
-74.34481660883922
-26.491029934033122
-39.2040598943376
-62.73714217488351
-67.38475000799147
-86.07423143820934
4.319821981232735
-36.56919386144204
-50.07199080376341
-19.171008752815297
45.804599633546786
50.46333409326999
45.95446982381651
56.45651036521551
22.38071060100313
46.019945267750984
-41.26059210394046
81.16314877735812
-63.7903303763208
66.62526457989654
-95.21295591444459
37.000059520356814
-50.61875097521798
84.44818918268356
5.706180225336823
-98.39339495761001
-49.28468699001076
-91.46836157270089
4.101976262867851
-75.27135927112244
-89.4713243935564
1.363351899169146
-7.776394076701564
-4.377976419148325
-91.49249093834266
11.679783088142528
61.72746764655
75.21964939378904
53.16093211461049
26.92897005029502
22.1250154984525
75.89556166127812
85.18013542138436
50.88817073226912
-95.49394935955256
-57.651131519449514
-63.94033419776477
-90.77560453192324
-25.804559820147603
31.3141428465741
80.16937483303408
6.9353329751695725
-46.97289500111867
93.96205299876098
-29.521335280441875
-68.2052006743997
-25.550616979043923
93.45117513686321
79.1257739456135
97.40110549504539
-83.79080633160079
-3.0253436121628283
-89.02798343844182
-90.03908373217038
-15.648880556623453
79.28067361951975
-94.99326645673032
92.0761020065014
17.394929140388115
3.1741182994721555
26.900199559230643
54.89470298613088
55.205330505060914
90.24285870123748
-20.954687642989043
60.00293969705325
61.464254245839044
54.30456357476709
-62.93665033051887
18.860553870901924
9.492546273842777
-98.49486079785201
-97.93263774820629
-2.610296931910213
9.775449641461933
-34.84627138171743
-24.669117911231723
75.41826148661676
68.23420435151638
68.81240086290862
16.34492671167378
-61.20615957771094
-37.1601009378431
-6.016875802697115
85.12575773314563
70.36175462958744
72.2123372205121
-1.9579783458478772
81.68894473892553
-90.31013098423645
62.92023318644087
-41.26159644225091
30.941916174703806
79.42057381158853
-31.277574744587454
73.77665805005847
-51.762050834484526
-31.304263036885672
-89.46624396211462
-59.62853760885236
61.98573939347668
-81.02117182794275
41.821447690817195
-24.449428638010033
-38.84563174395721
-32.264330728734976
70.99962368472981
-48.894743008915434
-45.02194220634173
-28.873169404454217
13.445305758297039
-90.58502854891492
-43.73604197083119
-67.92450984716587
-93.3419485062289
-22.21573252927631
-50.417056490766484
-47.09447362652484
-96.0931561112747
-66.86341674733751
-61.540078189155764
43.5924875446764
-75.4762653828055
-84.88080923997524
57.63524367484882
-54.53441926123021
-58.27748469839587
32.15280038996792
84.31259293020477
-63.83560699229933
-19.791660654555372
62.923601430743304
84.25736685180334
-46.467713173977174
-34.7025924157161
-46.000455239108874
-73.6629147657218
24.357281682490495
-64.60453549908536
71.06031149514905
-18.603938536333686
43.977155120320134
16.128470963457133
