39.04452737179926
-42.32606624103623
97.19377143966577
-30.407924195068972
-61.74351533070308
-43.09607948880774
-98.7119005392304
35.91574654437295
-35.83496056792268
-74.13937087448865
58.34315325264802
-72.49995776431149
86.18152353052554
-2.1305414895543606
-34.95082357547068
86.43110433221557
49.15683817260776
1.6124532943019574
98.86445222447676
64.64412416881109
72.36903687997506
-25.543227498208452
14.34911511027488
-62.58369916384685
56.567276303004945
30.618444861255313
-85.15087045935246
15.331348960229178
34.43834996298207
17.15614957839611
-48.42017613480789
17.114302768749496
-85.37014110993636
37.3098938907159
25.732851493875458
-9.528112895114333
-63.594362710428555
2.875589289206843
97.59133901455078
52.59556721125725
53.56721522189466
-14.001988198588421
-84.23358472147437
31.740884057952343
-10.915151503257704
51.13320054284014
-41.42430861235204
28.227155154272452
-32.51882134343602
-65.21139630153787
-76.792997395631
-8.414270036846872
-93.05671444659396
-99.82511525521535
13.82908252537733
11.547017670353938
37.31486643515859
-63.02149028750732
-27.70341979446789
-9.537396996452415
-26.61612829123969
90.16888673883622
-80.5424910271356
-23.717948645724448
89.44044939765624
65.50839584893959
21.249760399094697
23.69020367847358
-74.64409789255615
48.06099036223057
1.5786953421760046
-41.65697596979865
-13.702917077983685
-6.195556122067785
31.15639008954227
41.73907983202244
1.7258221297340839
-12.303470316671536
-88.01855005232939
97.51572497918775
10.659161503404917
92.93876414935923
-28.93875377867363
65.83727854618655
-11.737507229720052
-73.09554312117575
-56.47123770234008
62.59763887815072
-61.47105876519363
-69.57985358204152
-16.06394195706322
37.90025159379496
98.40760591041672
56.70483612922703
99.82153460212575
60.124386776125334
-52.182442342622906
14.603089798144595
74.97776315127857
-96.55050362577036
-1.0936871347786479
-43.09179886755796
-70.3446994912399
58.0035087298196
-64.29567043867787
-36.01643900542899
39.168926422312694
33.0214962021428
-79.51781686379218
-58.92057094579339
-15.709926164274378
-67.11268751470084
-26.462280903980997
-79.28995856228397
47.937893101909424
8.865007530304297
93.00323004883003
-93.88989270120165
8.110087190652166
46.69088221864564
8.687858038650532
44.51658937011848
32.664038330261945
82.11530907372361
17.078377893712513
26.97012056755466
-65.85857942707662
35.28051530232389
-85.92882435924535
-5.00959730768848
71.49649417762922
91.42676426465744
47.33321057029633
75.5833099216697
-7.213329722408801
1.5008750322356832
63.46708232473509
48.379216112990946
-0.13319992587466345
-38.961714635108336
-83.09403982960308
-52.746868971858675
29.175787342260662
63.61015732445355
-16.46603362536851
-53.595408692976854
94.16460671219323
-89.85620359097068
-7.050133034983702
-61.394419741002835
84.03143924231796
-36.19014709922228
-33.348548086697576
-68.85609964100735
22.75878358269378
-38.55345927497531
55.01676947840184
24.636471841788364
53.166585835173464
17.8053680808316
-28.447025029894974
0.9933574905678171
27.461857515474918
61.90544153294516
59.91123348239597
79.83530980658065
42.1999630162874
-20.80413375425391
-44.97838035026338
16.194754092182833
81.68976511126203
9.322449205353848
46.80856447410528
-71.68498574578051
-4.99415247390553
86.97878816598768
-39.2774788736572
-43.39480875252655
-7.666794654318053
-15.39827778351281
-83.03555262971234
-26.248822407305326
31.828314081660693
68.3675382978171
99.24610950596204
92.40398473304376
22.31190584876485
92.54730001498098
17.606224274326564
94.44840167010668
-91.01202533081118
-62.12221499190234
-60.13900171490651
74.31948132974804
-47.885452365929225
-44.700467054236
-19.979119087480157
85.45133541118219
-77.14203138239333
99.95947947670984
