19.902565452130176
-60.84440417483816
-15.163981673364148
28.053337681502285
26.213911495655267
62.759776583559244
77.52107441850907
-77.40798110778584
81.69693903054201
23.432621260661634
93.66744030321956
-95.6071144992946
-21.868680338337683
5.661456756319083
-36.985696616305084
88.45308386027764
-24.330468287481494
11.97998619234059
-9.444580734018842
32.27745360337585
53.060710323473074
-84.12844805397692
43.59621143857973
-61.613168157414776
-4.1250313285658535
-21.032159128389665
-95.87803901629843
-50.28463111955857
-49.42916288262349
-86.49939656664283
-0.6561312584812953
1.3357001204570338
78.99393396225051
98.21318225758063
-41.56920010269651
-66.72693417942833
-10.380056014701793
12.526761179136486
12.78130483199611
3.8458186014453872
-47.80844813715932
64.75489534650464
4.07734937506747
42.4174575559191
63.86042262321635
15.752134111349903
-10.517027936372301
65.97562643226837
20.968354758413497
-44.48366806205826
-59.12058058632441
-99.21995599536754
-72.41932588664332
-46.257844011022755
30.60143024473581
98.47918313731205
-58.448694300094516
66.74011582290771
77.60801775046366
52.86862850639878
-53.06270635195067
-54.871335192924086
47.92090522288939
53.98736709051451
-15.403160208617535
12.479605959001177
65.50772075153134
-32.41215576583174
30.22219188770009
68.76935671732508
65.91136221525568
16.893122572335756
35.12800597013859
-57.783269492788534
-15.60226491906893
42.349352630359505
4.403424866572266
-84.96205466131967
58.03172644016951
-45.974464974473776
-81.42266088231243
74.21307181184872
-51.53516526442499
-65.1366676412085
-39.13582536970892
95.56472620085964
6.531493774011594
-36.407147739609044
20.915952279235086
-91.37868048459801
40.20731948353182
17.914920773995476
96.07592650023366
15.954616088909162
-4.799008821711297
56.0425825066838
29.49748800972995
72.23742548486447
-24.439317218128465
-29.088698089434573
29.86898822800049
-67.69021307333546
40.68417398780349
-91.56570097394349
-6.494967749284868
-55.638559700015165
-69.18213174636752
-99.33843344707975
9.942368552486997
-44.825147831694444
58.29938759364728
62.48941774352309
99.6198396864668
69.74614156121959
78.77480277957793
-36.931575559742825
-39.97422850119001
0.0021731465422476504
49.66796148807461
-36.745706458934734
95.77255567469726
-17.582582671512583
35.24296810348392
-35.92992380964624
-50.48801816395789
-18.924858617297318
-46.35968740621188
-73.86158465167574
88.52601020400243
24.80104070199212
-48.454757810032966
-30.269502151949325
-40.940049930671066
81.82403597214798
-78.41012782435095
40.41047796704552
-67.345614390387
-3.238705812489087
-40.27172320827
-26.968167251372094
-86.10927007113874
-6.3253154780690295
-12.117792540473744
43.76189340899481
90.82659807868646
-6.994894335246272
-43.4699761004566
-81.97798623783768
-82.55110558908079
81.93763847715269
-95.10021363623544
16.488405774081016
-23.016251902239503
45.48118764011326
42.70252609861248
47.29724800259828
-88.70618143955056
-43.855672573032756
-49.11659523104497
-2.455169361290018
98.38503995201552
-98.61085127177682
-61.24662194760775
87.33534635779833
0.687279340765798
-87.4172137955632
-23.800553182726276
20.24327071608387
39.394372724072525
50.36146067313504
11.79906825745067
4.324787074926846
-33.77220886604002
49.93475011609655
64.18098280908356
-99.21424917962108
71.2861686000104
-25.774937251715997
89.25597636117749
-84.21294805840387
24.367698505811262
-34.85420795660255
37.24314466475897
-29.522046196535996
27.079799945845068
89.52898778500222
-36.25517287287512
-53.59944406471611
-70.20989993021034
67.5105969646333
-40.46189440535473
78.83596620501234
50.399063245398196
-47.39166346545047
74.38812728332337
60.32233510168274
-78.21643563280911
74.53237055110313
20.541777329838567
-93.11155640314385
73.16237953251868
-90.9921177640694
-79.90406247727167
-85.63268259735281
92.59897947040054
36.07062582059669
-9.726179133716158
-77.15851450220583
-48.04723953022745
84.49414550154103
-88.9181944356672
33.53925616888725
8.73892293116991
-45.58668500977676
-61.89838341876952
45.301570287123695
-9.580305289049136
-92.02556919478077
-24.14675913371198
-76.9024353448827
-31.14114427944199
-16.092416313101808
38.606439838725464
-13.132512370305577
71.4484400801316
-33.40064029888741
-51.13412339538017
8.335644662479893
89.97475030680019
-25.984712796512042
-14.27831284706393
-10.270000940123097
-19.56731699016214
-57.39870159328784
64.83947007549799
-49.47944415204988
-25.566203793615585
27.783602747972978
82.45724271663565
-18.054700333667455
60.70816425853758
-17.14194756386796
-69.08088936326908
13.996525370305662
-35.75311545184081
-88.18913734565896
-9.219557833538914
50.78195445783311
-78.39311717922132
-96.71852756987971
38.59778217525829
-68.09448868031147
-12.019934024536624
46.962216244583345
58.28379386867434
-87.30111269801051
-67.97214722340087
-76.52232593922265
-43.74928168818051
39.70583339121626
-76.17317716027034
83.30093151264043
-83.73306178436755
98.7332334913537
97.54973415480282
91.15225347291474
19.9511847410772
9.84776728637597
-93.67282728730626
-41.153535637805746
30.48306207904554
-37.38431594139211
-57.86737906374948
76.67765540682365
38.527024928837875
4.4035250626647695
65.40662631243475
-23.317812688401148
-12.768283681926377
15.781655886791242
66.92726388058534
66.64111236840282
-81.05199500331581
-71.8232099099507
-96.92344939705929
36.98430266657522
-59.441529327866064
-63.00361331938225
-46.070101332697575
32.047738219390425
-62.70186168672889
43.83589764275945
0.05440218129280083
95.97237059903802
-37.672294485237366
-52.88044639211557
39.3603273990978
7.354040059693574
97.97319916536878
-5.685840843959795
-47.69321671629232
-53.497276734846096
82.92781053960604
25.314971574918673
67.56066234214185
-85.84607771455973
67.9543426620736
-29.378714387772106
57.07852274956642
-85.00707265311658
83.07770144847476
-92.33832625709172
20.120595503521457
-92.44863290083656
34.63856088824605
6.07372248683005
-41.23280393148661
-67.73647820838096
-26.96457995410067
58.88412060109505
92.35726212752942
87.39935191172631
-8.571296775619743
7.535101673962984
42.27755925132141
53.08067206051689
48.88119416220789
-74.30425623348643
2.8720734735316
-33.54456153070625
51.16604998277157
71.15754263997488
-31.997088729630136
-96.71695112564326
77.8464021481241
2.2537009805744077
28.145897648025482
-81.95801869152064
-57.520656788692115
-77.48559681313776
-4.289853463398671
-75.92304072596694
-20.386430612582117
-86.88171044734428
76.7453675591733
54.67749667560949
66.35239802029679
-44.12489490783358
-59.430867513921484
4.985291595356671
38.109062638963564
30.70530122624055
-98.0959033443412
69.30039257289823
94.7945929307204
-7.025875241070722
-38.33269306403562
35.78987221035743
-56.658913314961666
54.69791174555547
91.37960589759729
-2.020234770293854
99.58287370708433
-48.621249649148915
43.79382645330608
74.39095199200929
30.88517428834433
56.54312711635913
89.85806705668386
-13.171689482973605
-22.31400466937899
-77.70590647140061
-44.68638747687259
49.01965239267747
56.65926486350955
-12.065294704556152
32.663330198274
8.630458402404955
57.42144353491062
-66.35077203009598
-18.052691591569882
79.80539803951328
49.791784759216284
-49.007300178718836
-46.82120646934047
66.72525905547732
-74.48052930787648
99.07553075975707
-29.1894850467543
21.49026479783646
55.756486748376716
-20.86748419417259
26.586872222046182
-34.585781764283325
26.144301284544653
-95.59517726874986
93.08050510422962
37.88599820299484
-31.285958692463737
-57.92354926516721
-33.48143450247338
-60.81775001734759
-51.26232605086436
-97.21630295609796
-15.578402666375823
-30.359346794717254
-21.794804196622763
79.53894170619117
0.7516056780752649
-47.161428855225275
-57.45827994270343
49.12001487702628
73.88736116147288
95.08162748016713
1.8358981495063489
93.53192701872365
28.92336186520049
-39.06739233073326
43.46807162081788
24.168545249560694
2.953621395490245
-46.854542304295045
44.522256581986795
93.4041343981186
-26.830163449875343
-98.33293282425413
92.29698543229651
82.79337865732487
-62.30698296750694
33.571513409807096
32.36617477449397
-77.15755234265995
35.05179495006041
-67.33303730211861
-67.33660105762007
-27.681561580744614
66.90512768503658
-1.3541578195398074
-29.122264448534935
82.96245805738764
-63.98552463526974
-77.01240166204818
-97.8502460659076
44.96760946498938
11.398641527346001
47.994605733994774
-83.34829706373341
44.057348869851864
31.709858098369068
30.97055967423401
34.82492830515196
6.950707268981063
90.69629814683998
69.82507425305579
-76.14209370180498
-74.79131636462046
56.65766114975085
71.81090119234113
-85.93506987791379
-20.27064393563603
17.581649262407552
21.92822607852247
71.63395431489622
-75.74351570793449
-85.13340524316462
8.990729618303291
76.6794626980286
58.728104546782816
-82.62663728688841
-67.35069984572348
55.03440883701799
86.57098110351373
-14.912249024360918
16.578016737938924
-31.108423211252358
-41.39196864372228
-19.2488118067037
62.25764844509399
24.801716608107355
47.02279524212088
-21.79522120148583
-62.803469046087315
-29.94662313334679
94.52064146473933
-60.79534988306159
-52.827920019375306
-46.83152339505374
55.64826975117029
36.6362483460417
-59.3992165197917
24.328960653669213
98.74721252731885
16.789006355886542
31.025265104734075
-87.18976120676514
-57.8310392973183
90.31470372544129
-3.8807622373895754
-69.53292177832375
-88.20300337919554
